-114.789516602814
-114.789272463391
-114.789372567719
-114.789329836074
-114.789381931597
-114.789380402005
-114.789343474803
-114.789392400096
-114.789422992810
-114.789449823679
-114.789421874623
-114.789307127971
-114.789408111432
-114.789380166035
-114.789438317438
-114.789438039265
-114.789455623190
-114.789454799654
-114.789458459061
-114.789454799644
-114.789455623197
-114.789438039280
-114.789438317441
-114.789380166061
-114.789455174694
-114.789395109688
-114.789345821506
-114.789419291995
-114.789440264439
-114.789333291711
-114.789332037159
-114.789437354755
-114.789438472750
-114.789383642046
-114.789393288837
-114.789470086967
-114.789415244892
-114.789474601174
-114.789474299318
-114.789492277746
-114.789490884675
-114.789495136083
-114.789490884667
-114.789492277736
-114.789474299324
-114.789474601171
-114.789415244898
-114.789465398460
-114.789377682610
-114.789208209324
-114.789355225351
-114.789376139888
-114.789434278907
-114.789434026189
-114.789451566447
-114.789451891221
-114.789454448932
-114.789451891205
-114.789451566440
-114.789434026166
-114.789434278926
-114.789376139899
-114.789424736612
-114.789482899149
-114.789482598150
-114.789500192557
-114.789499337260
-114.789503029683
-114.789499337276
-114.789500192547
-114.789482598136
-114.789482899145
-114.789424736597
-114.789419713931
-114.789477885965
-114.789477535818
-114.789495180407
-114.789493058606
-114.789497971537
-114.789493058592
-114.789495180412
-114.789477535792
-114.789477885971
-114.789419713930
-114.789436125925
-114.789314184326
-114.789270152037
-114.789391420809
-114.789386417658
-114.789443406359
-114.789443106240
-114.789460323174
-114.789459996916
-114.789463139204
-114.789459996918
-114.789460323172
-114.789443106251
-114.789443406365
-114.789386417665
-114.789482352486
-114.789445954571
-114.789281966257
-114.789376433732
-114.789419515811
-114.789243865888
-114.789191514431
-114.789372980102
-114.789347930856
-114.789265750046
-114.789402094185
-114.789454272153
-114.789372058973
-114.789432639696
-114.789432313771
-114.789450693331
-114.789448720919
-114.789453574182
-114.789448720923
-114.789450693307
-114.789432313782
-114.789432639717
-114.789372058995
-114.789396920912
-114.789281077421
-114.789287341866
-114.789411211550
-114.789406301209
-114.789465650540
-114.789465374276
-114.789483310759
-114.789483094423
-114.789486215745
-114.789483094430
-114.789483310734
-114.789465374293
-114.789465650525
-114.789406301196
-114.789429573633
-114.789488940614
-114.789488615589
-114.789506604456
-114.789505179034
-114.789509464002
-114.789505179015
-114.789506604453
-114.789488615572
-114.789488940600
-114.789429573639
-114.789398072550
-114.789457442794
-114.789457068139
-114.789475105360
-114.789472382948
-114.789477918819
-114.789472382947
-114.789475105375
-114.789457068118
-114.789457442769
-114.789398072555
-114.789388388644
-114.789237520649
-114.789036786139
-114.789227118750
-114.789294055334
-114.789352169631
-114.789351941468
-114.789369434643
-114.789370826829
-114.789372363056
-114.789370826842
-114.789369434632
-114.789351941441
-114.789352169624
-114.789294055319
-114.789391498644
-114.789449648975
-114.789449373306
-114.789466924155
-114.789467217223
-114.789469807864
-114.789467217243
-114.789466924120
-114.789449373320
-114.789449648967
-114.789391498637
-114.789203333958
-114.789340195513
-114.789339227774
-114.789436118451
-114.789434585185
-114.789438310178
-114.789434585189
-114.789434824818
-114.789491130474
-114.789492758666
-114.789496483584
-114.789492758683
-114.789492433462
-114.789496159558
-114.789492433435
-114.789490159013
-114.789505249354
-114.789510038861
-114.789513764404
-114.789510038868
-114.789501543806
-114.789512877038
-114.789512877036
-114.789501543810
-114.789510038860
-114.789513764411
-114.789510038885
-114.789505249386
-114.789490159033
-114.789492433468
-114.789496159550
-114.789492433453
-114.789492758669
-114.789496483580
-114.789492758657
-114.789491130476
-114.789434824802
-114.789434585169
-114.789438310173
-114.789434585197
-114.789436118449
-114.789339227788
-114.789340195549
-114.789203333950
-114.789431495325
-114.789489677836
-114.789489304530
-114.789506959531
-114.789504805178
-114.789509751902
-114.789504805172
-114.789506959543
-114.789489304542
-114.789489677818
-114.789431495279
-114.789367906983
-114.789426083567
-114.789425660066
-114.789443360975
-114.789439847757
-114.789446106610
-114.789439847752
-114.789443360977
-114.789425660100
-114.789426083592
-114.789367906995
-114.789322358607
-114.789135032110
-114.789120271519
-114.789286523530
-114.789329297833
-114.789386269197
-114.789385994177
-114.789403165959
-114.789403960079
-114.789406028515
-114.789403960087
-114.789403165954
-114.789385994182
-114.789386269175
-114.789329297842
-114.789399254462
-114.789456254261
-114.789455931269
-114.789473158672
-114.789472800589
-114.789475975987
-114.789472800602
-114.789473158699
-114.789455931272
-114.789456254276
-114.789399254451
-114.789416717793
-114.789473732432
-114.789473360548
-114.789490639833
-114.789489044357
-114.789493411169
-114.789489044346
-114.789490639836
-114.789473360536
-114.789473732442
-114.789416717778
-114.789455228148
-114.789358162591
-114.789154651156
-114.789295841179
-114.789313375862
-114.789369221668
-114.789368899709
-114.789385756170
-114.789385918679
-114.789388552433
-114.789385918681
-114.789385756168
-114.789368899731
-114.789369221656
-114.789313375856
-114.789429871010
-114.789416733175
-114.789140193146
-114.789255284731
-114.789320089374
-114.789077109272
-114.789333801499
-114.789441172444
-114.789438639453
-114.789380144451
-114.789399123028
-114.789472314341
-114.789413853708
-114.789473231031
-114.789472882728
-114.789490882023
-114.789489423813
-114.789493742824
-114.789489423828
-114.789490882038
-114.789472882722
-114.789473231035
-114.789413853687
-114.789460370927
-114.789369007339
-114.789216022687
-114.789359476490
-114.789376814721
-114.789434976047
-114.789434677335
-114.789452238692
-114.789452499741
-114.789455123616
-114.789452499748
-114.789452238717
-114.789434677299
-114.789434976033
-114.789376814746
-114.789421822075
-114.789480006098
-114.789479658932
-114.789497274248
-114.789496354361
-114.789500113818
-114.789496354356
-114.789497274249
-114.789479658908
-114.789480006110
-114.789421822093
-114.789413196085
-114.789471388848
-114.789470992297
-114.789488657609
-114.789486470302
-114.789491451188
-114.789486470300
-114.789488657614
-114.789470992292
-114.789471388820
-114.789413196105
-114.789425987244
-114.789300413753
-114.789272857749
-114.789390580157
-114.789382016886
-114.789439027508
-114.789438681459
-114.789455919349
-114.789455529007
-114.789458737852
-114.789455529014
-114.789455919357
-114.789438681452
-114.789439027502
-114.789382016877
-114.789474376079
-114.789434389026
-114.789279647301
-114.789370583582
-114.789410119838
-114.789236603405
-114.789394580329
-114.789429294667
-114.789448884355
-114.789413666776
-114.789317477662
-114.789411308303
-114.789376184545
-114.789434378874
-114.789434008391
-114.789451634126
-114.789450681375
-114.789454474879
-114.789450681375
-114.789451634145
-114.789434008380
-114.789434378885
-114.789376184544
-114.789443981575
-114.789376679996
-114.789345988030
-114.789412337089
-114.789426159552
-114.789323439587
-114.789375777906
-114.789339251318
-114.789380575401
-114.789368232500
-114.789337663393
-114.789279282748
