-114.777344775973
-114.776917179613
-114.777091324572
-114.777104833626
-114.777117446746
-114.777115272073
-114.777117785649
-114.777117950209
-114.777114355719
-114.777104647400
-114.777102293509
-114.777168221482
-114.777220430394
-114.777229338053
-114.777230399568
-114.777232977983
-114.777233193355
-114.777232867826
-114.777219439528
-114.777202554098
-114.777240108026
-114.777239555731
-114.777242051218
-114.777242207493
-114.777240237940
-114.777249443858
-114.777251453779
-114.777253920700
-114.777254051221
-114.777248091377
-114.777252526948
-114.777254620462
-114.777252679585
-114.777254377394
-114.777251802986
-114.777249841248
-114.777251565469
-114.777250952924
-114.777244778228
-114.777241637478
-114.777239404365
-114.777241096016
-114.777240453699
-114.777236801334
-114.777202291015
-114.777221809783
-114.777236625239
-114.777232783991
-114.777234403353
-114.777233712306
-114.777228422245
-114.777220895548
-114.777173549201
-114.777148879874
-114.777240885540
-114.777246028070
-114.777250355416
-114.777253011781
-114.777253290761
-114.777256265008
-114.777239055950
-114.777261605790
-114.777295411345
-114.777298116870
-114.777300684085
-114.777300898154
-114.777302219400
-114.777301048900
-114.777306291865
-114.777308822664
-114.777309002888
-114.777306160854
-114.777310677717
-114.777312838421
-114.777310887487
-114.777312648424
-114.777310112905
-114.777311323755
-114.777313118513
-114.777312562331
-114.777309685250
-114.777296142084
-114.777297148868
-114.777298903092
-114.777298309241
-114.777297929996
-114.777259691389
-114.777211441594
-114.777274785736
-114.777275868575
-114.777278344778
-114.777278491769
-114.777278159921
-114.777309072913
-114.777312700059
-114.777315149281
-114.777315271889
-114.777310976575
-114.777315384932
-114.777317461018
-114.777315527152
-114.777317210325
-114.777314637968
-114.777314323416
-114.777316030498
-114.777315410711
-114.777310880241
-114.777315136073
-114.777321327958
-114.777323750286
-114.777323848586
-114.777322155861
-114.777326532465
-114.777328579505
-114.777326649005
-114.777328302485
-114.777325706468
-114.777317623247
-114.777323964317
-114.777327969935
-114.777326034602
-114.777329645857
-114.777327714594
-114.777328997497
-114.777327070229
-114.777326029969
-114.777320748267
-114.777322023854
-114.777325662799
-114.777326971528
-114.777325039518
-114.777325955880
-114.777322620898
-114.777319633068
-114.777320579090
-114.777319200166
-114.777310490835
-114.777312325899
-114.777314265275
-114.777315910203
-114.777315233591
-114.777310854630
-114.777314457519
-114.777315733271
-114.777313804696
-114.777314687325
-114.777311324870
-114.777310906639
-114.777311817286
-114.777310406153
-114.777304184661
-114.777277954487
-114.777275660894
-114.777276536644
-114.777275093294
-114.777271381309
-114.777212849050
-114.777253313137
-114.777293100573
-114.777290874153
-114.777292469763
-114.777291764929
-114.777288092103
-114.777304649054
-114.777304978074
-114.777306552049
-114.777305828142
-114.777299980410
-114.777303485698
-114.777304687464
-114.777302775781
-114.777303591219
-114.777300202027
-114.777298243882
-114.777299077585
-114.777297613082
-114.777289744846
-114.777293896508
-114.777289992330
-114.777290800223
-114.777289312650
-114.777283960303
-114.777251621354
-114.777226932164
-114.777243962331
-114.777238447099
-114.777239185467
-114.777237651616
-114.777230658772
-114.777225326270
-114.777134330938
-114.777034233780
-114.777167163715
-114.777168480508
-114.777176103294
-114.777178850975
-114.777179206738
-114.777185511214
-114.777164460017
-114.777227575400
-114.777257572928
-114.777263565820
-114.777266218051
-114.777266502575
-114.777271145539
-114.777259453041
-114.777267957947
-114.777270565694
-114.777270808461
-114.777271087685
-114.777275699308
-114.777277940381
-114.777275978928
-114.777277816304
-114.777275332390
-114.777279720640
-114.777281599174
-114.777281112379
-114.777281564333
-114.777257470385
-114.777261746810
-114.777263576726
-114.777263044179
-114.777265968856
-114.777223940707
-114.777215903261
-114.777275456634
-114.777279818936
-114.777282373878
-114.777282585334
-114.777285566405
-114.777306003094
-114.777312884600
-114.777315404669
-114.777315583892
-114.777314414184
-114.777318910862
-114.777321061034
-114.777319117002
-114.777320870206
-114.777318343574
-114.777321209974
-114.777322994440
-114.777322437663
-114.777321227227
-114.777308375912
-114.777317796919
-114.777320282128
-114.777320429150
-114.777321852693
-114.777326309697
-114.777328422946
-114.777326482300
-114.777328197863
-114.777325639674
-114.777320546585
-114.777326985610
-114.777331074947
-114.777329129430
-114.777332820329
-114.777330878926
-114.777332227258
-114.777330289900
-114.777329300912
-114.777324046194
-114.777328388902
-114.777332114768
-114.777333496464
-114.777331554312
-114.777332539480
-114.777329248984
-114.777329451500
-114.777330473612
-114.777329156777
-114.777323774196
-114.777308463333
-114.777313639078
-114.777315345536
-114.777314716265
-114.777313463433
-114.777317145417
-114.777318486079
-114.777316547352
-114.777317490865
-114.777314164956
-114.777316928033
-114.777317906984
-114.777316549889
-114.777313630491
-114.777276985788
-114.777277935707
-114.777278871765
-114.777277474564
-114.777277039721
-114.777214770629
-114.777132526303
-114.777222532580
-114.777225263257
-114.777227719246
-114.777227855792
-114.777229174342
-114.777282620710
-114.777287877865
-114.777290308340
-114.777290421979
-114.777287806185
-114.777292186265
-114.777294243827
-114.777292317065
-114.777293984404
-114.777291413080
-114.777292760676
-114.777294449544
-114.777293821112
-114.777290947990
-114.777313646179
-114.777321449983
-114.777323855050
-114.777323945902
-114.777323911639
-114.777328261466
-114.777330291484
-114.777328368108
-114.777330007120
-114.777327413563
-114.777321034461
-114.777327339350
-114.777331318452
-114.777329390185
-114.777332977576
-114.777331053383
-114.777332322097
-114.777330401963
-114.777329357255
-114.777324087928
-114.777327030605
-114.777330643252
-114.777331935596
-114.777330010636
-114.777330913107
-114.777327580986
-114.777326258228
-114.777327187974
-114.777325802573
-114.777318757245
-114.777316441904
-114.777326812545
-114.777329192296
-114.777329260366
-114.777331827780
-114.777336147549
-114.777338150152
-114.777336230106
-114.777337840997
-114.777335225195
-114.777331491065
-114.777337760925
-114.777341707813
-114.777339782924
-114.777343337356
-114.777341416596
-114.777342655071
-114.777340738261
-114.777339665988
-114.777334375074
-114.777325805353
-114.777334035913
-114.777339937243
-114.777338007412
-114.777343515352
-114.777341589738
-114.777342854428
-114.777337088793
-114.777343724577
-114.777341807051
-114.777340366242
-114.777338452711
-114.777334705929
-114.777326748228
-114.777332841812
-114.777338378846
-114.777341592409
-114.777339665969
-114.777342488224
-114.777340565917
-114.777341071762
-114.777339153521
-114.777337348171
-114.777331322393
-114.777333108098
-114.777335961277
-114.777336496399
-114.777334573307
-114.777334718948
-114.777330634113
-114.777326644412
-114.777326822989
-114.777324688635
-114.777313490586
-114.777318630764
-114.777324739632
-114.777326339814
-114.777325630728
-114.777325506956
-114.777329050844
-114.777330280003
-114.777328361850
-114.777329199834
-114.777325815446
-114.777320936256
-114.777326433990
-114.777329611106
-114.777327688123
-114.777330473335
-114.777328554438
-114.777329026055
-114.777327111242
-114.777325274450
-114.777319223352
-114.777323628022
-114.777326442529
-114.777326941879
-114.777325022250
-114.777325131558
-114.777321016679
-114.777319567319
-114.777319707912
-114.777317538547
-114.777308793824
-114.777289237072
-114.777291103779
-114.777291932662
-114.777290454780
-114.777287642911
-114.777290419111
-114.777290883034
-114.777288966867
-114.777289040093
-114.777284895413
-114.777286007171
-114.777286110216
-114.777283906190
-114.777277636343
-114.777229088315
-114.777226732484
-114.777226798314
-114.777224559902
-114.777220786601
-114.777138992606
-114.777197856838
-114.777263465446
-114.777262866486
-114.777264437607
-114.777263717979
-114.777261675212
-114.777299996394
-114.777301935127
-114.777303485899
-114.777302748552
-114.777298568683
-114.777302041319
-114.777303220196
-114.777301315707
-114.777302110745
-114.777298718085
-114.777298410492
-114.777299221625
-114.777297744111
-114.777291512597
-114.777308282284
-114.777312779150
-114.777314309799
-114.777313554869
-114.777311957451
-114.777315405125
-114.777316561681
-114.777314660521
-114.777315432607
-114.777312022982
-114.777305820733
-114.777311195562
-114.777314273470
-114.777312367488
-114.777315060102
-114.777313158218
-114.777313560881
-114.777311663025
-114.777309780965
-114.777303725182
-114.777306694194
-114.777309406487
-114.777309827271
-114.777307924632
-114.777307961954
-114.777303815699
-114.777300826542
-114.777300885573
-114.777298658199
-114.777288257519
-114.777302510198
-114.777302764304
-114.777303526789
-114.777302006075
-114.777297713858
-114.777300397025
-114.777300791503
-114.777298892265
-114.777298902658
-114.777294735600
-114.777294296049
-114.777294326578
-114.777292073566
-114.777284154278
-114.777265194308
-114.777261225334
-114.777261227752
-114.777258949457
-114.777253533105
-114.777197162012
-114.777194176091
-114.777236208954
-114.777232300627
-114.777233010016
-114.777231457075
-114.777226073621
-114.777249982179
-114.777248622940
-114.777249317138
-114.777247751664
-114.777241982118
-114.777244570677
-114.777244893964
-114.777243011602
-114.777242957398
-114.777238766041
-114.777236778461
-114.777236734941
-114.777234431274
-114.777224862476
-114.777236307231
-114.777230724761
-114.777230662062
-114.777228341991
-114.777221282602
-114.777191127600
-114.777123537365
-114.777142794204
-114.777135597621
-114.777135468107
-114.777133104473
-114.777124401810
-114.777121275734
-114.776987943153
-114.777150845063
-114.777233558332
-114.777237103468
-114.777243046723
-114.777244874834
-114.777244350058
-114.777248945079
-114.777230101357
-114.777245134587
-114.777277383040
-114.777281693307
-114.777283428830
-114.777282835524
-114.777285766153
-114.777281492918
-114.777288308331
-114.777290006411
-114.777289378373
-114.777289794454
-114.777293458679
-114.777294791165
-114.777292859232
-114.777293797326
-114.777290482356
-114.777294898168
-114.777295869181
-114.777294513602
-114.777293262677
-114.777276530179
-114.777279126540
-114.777280055971
-114.777278661719
-114.777279876737
-114.777240036958
-114.777185974504
-114.777247801145
-114.777250477538
-114.777252118825
-114.777251455231
-114.777252720998
-114.777280599896
-114.777285788817
-114.777287402037
-114.777286713024
-114.777285671379
-114.777289223721
-114.777290468220
-114.777288553683
-114.777289410316
-114.777286055175
-114.777288940706
-114.777289820652
-114.777288397917
-114.777285481687
-114.777285203935
-114.777292925621
-114.777294510907
-114.777293796597
-114.777295327678
-114.777298847276
-114.777300061745
-114.777298150541
-114.777298976464
-114.777295596599
-114.777292413491
-114.777297877609
-114.777301030651
-114.777299114619
-114.777301878381
-114.777299966451
-114.777300426239
-114.777298518327
-114.777296679297
-114.777290642466
-114.777296707179
-114.777299497886
-114.777299982988
-114.777298070322
-114.777298167976
-114.777294057977
-114.777294271178
-114.777294397814
-114.777292224002
-114.777285145240
-114.777282312664
-114.777285798624
-114.777286614376
-114.777285132946
-114.777283978851
-114.777286732644
-114.777287183664
-114.777285274434
-114.777285337331
-114.777281198793
-114.777283952177
-114.777284042550
-114.777281835346
-114.777277213205
-114.777247873351
-114.777247143184
-114.777247197612
-114.777244957321
-114.777242813072
-114.777182713565
-114.777217521617
-114.777255823261
-114.777255163983
-114.777255928351
-114.777254416536
-114.777252314689
-114.777265914987
-114.777267779870
-114.777268521452
-114.777266989500
-114.777264361841
-114.777267014798
-114.777267388623
-114.777265496539
-114.777265488716
-114.777261320207
-114.777262528538
-114.777262538684
-114.777260274856
-114.777253993920
-114.777255105232
-114.777252753320
-114.777252736667
-114.777250448811
-114.777246652585
-114.777212786031
-114.777181029545
-114.777196606005
-114.777192631723
-114.777192542343
-114.777190205213
-114.777184756752
-114.777177935686
-114.777078529333
-114.777155637121
-114.777189609303
-114.777195394919
-114.777199650868
-114.777200572751
-114.777199180432
-114.777202058492
-114.777185434667
-114.777153791562
-114.777188302777
-114.777190922576
-114.777191754847
-114.777190296782
-114.777191507581
-114.777194654325
-114.777199772699
-114.777200574432
-114.777199088502
-114.777199607248
-114.777202337678
-114.777202774883
-114.777200872528
-114.777200924212
-114.777196790850
-114.777201200942
-114.777201277684
-114.777199066384
-114.777196105099
-114.777186735100
-114.777187643896
-114.777187686081
-114.777185442961
-114.777184941119
-114.777147302180
-114.777152416023
-114.777164253070
-114.777163531403
-114.777163494754
-114.777161196438
-114.777159033563
-114.777148457480
-114.777083952184
-114.777051942565
-114.777038614815
-114.777046652773
-114.777049213794
-114.777049242775
-114.777046995908
-114.777048149695
-114.777033757910
-114.777005155824
-114.776843016130
