  0.000065278111 
  0.000065278115 
  0.000065278110 
  0.000065278111 
  0.000064947320 
  0.000064947321 
  0.000064940496 
  0.000064940502 
  0.000064940502 
  0.000064940503 
  0.000064947320 
  0.000064947321 
  0.000064526356 
  0.000064526357 
  0.000064524907 
  0.000064524907 
  0.000064524907 
  0.000064524907 
  0.000064526356 
  0.000064526355 
  0.000067774166 
  0.000067774165 
  0.000067774165 
  0.000067774165 
  0.000065236092 
  0.000065236091 
  0.000065063202 
  0.000065063202 
  0.000065063201 
  0.000065063201 
  0.000065236091 
  0.000065236091 
  0.000066101112 
  0.000066101112 
  0.000066101112 
  0.000066101112 
  0.000018553467 
  0.000018553468 
  0.000018576300 
  0.000018576300 
  0.000018576299 
  0.000018576300 
  0.000018553468 
  0.000018553468 
  0.000018222666 
  0.000018245569 
  0.000018245571 
  0.000018215886 
  0.000018215884 
  0.000018222666 
  0.000018238685 
  0.000018238686 
  0.000018238685 
  0.000018238685 
  0.000018222667 
  0.000018215885 
  0.000018215884 
  0.000018245569 
  0.000018245569 
  0.000018222666 
  0.000017801789 
  0.000017824696 
  0.000017824697 
  0.000017800283 
  0.000017800284 
  0.000017801790 
  0.000017823138 
  0.000017823138 
  0.000017823138 
  0.000017823136 
  0.000017801790 
  0.000017800284 
  0.000017800283 
  0.000017824697 
  0.000017824697 
  0.000017801790 
  0.000021049461 
  0.000021049462 
  0.000021072331 
  0.000021072330 
  0.000021072330 
  0.000021072330 
  0.000021049463 
  0.000021049463 
  0.000018511392 
  0.000018534255 
  0.000018534255 
  0.000018338485 
  0.000018338484 
  0.000018511393 
  0.000018361343 
  0.000018361343 
  0.000018361342 
  0.000018361342 
  0.000018511393 
  0.000018338484 
  0.000018338485 
  0.000018534256 
  0.000018534256 
  0.000018511393 
  0.000019376420 
  0.000019376421 
  0.000019399258 
  0.000019399259 
  0.000019399258 
  0.000019399258 
  0.000019376421 
  0.000019376421 
  0.000018381575 
  0.000018381574 
  0.000018431771 
  0.000018431772 
  0.000018431772 
  0.000018431772 
  0.000018381572 
  0.000018381573 
  0.000018050801 
  0.000018101121 
  0.000018101123 
  0.000018043946 
  0.000018043945 
  0.000018050801 
  0.000018094240 
  0.000018094243 
  0.000018094242 
  0.000018094240 
  0.000018050801 
  0.000018043947 
  0.000018043947 
  0.000018101124 
  0.000018101121 
  0.000018050800 
  0.000017629779 
  0.000017680060 
  0.000017680060 
  0.000017628327 
  0.000017628328 
  0.000017629779 
  0.000017678578 
  0.000017678577 
  0.000017678578 
  0.000017678578 
  0.000017629779 
  0.000017628327 
  0.000017628327 
  0.000017680059 
  0.000017680060 
  0.000017629779 
  0.000020877795 
  0.000020877795 
  0.000020927888 
  0.000020927888 
  0.000020927888 
  0.000020927887 
  0.000020877795 
  0.000020877795 
  0.000018339606 
  0.000018389842 
  0.000018389842 
  0.000018166674 
  0.000018166674 
  0.000018339608 
  0.000018216992 
  0.000018216992 
  0.000018216992 
  0.000018216992 
  0.000018339606 
  0.000018166671 
  0.000018166675 
  0.000018389841 
  0.000018389842 
  0.000018339606 
  0.000019204552 
  0.000019204552 
  0.000019254785 
  0.000019254785 
  0.000019254784 
  0.000019254784 
  0.000019204552 
  0.000019204550 
  0.000019856011 
  0.000019856011 
  0.000018602486 
  0.000018602486 
  0.000018602486 
  0.000018602485 
  0.000019856010 
  0.000019856013 
  0.000019525245 
  0.000018271720 
  0.000018271719 
  0.000019518410 
  0.000019518410 
  0.000019525246 
  0.000018264884 
  0.000018264877 
  0.000018264876 
  0.000018264883 
  0.000019525245 
  0.000019518410 
  0.000019518410 
  0.000018271721 
  0.000018271722 
  0.000019525245 
  0.000019104272 
  0.000017850726 
  0.000017850726 
  0.000019102824 
  0.000019102823 
  0.000019104271 
  0.000017849277 
  0.000017849277 
  0.000017849277 
  0.000017849278 
  0.000019104271 
  0.000019102823 
  0.000019102823 
  0.000017850727 
  0.000017850728 
  0.000019104271 
  0.000022352060 
  0.000022352061 
  0.000021098520 
  0.000021098521 
  0.000021098521 
  0.000021098521 
  0.000022352060 
  0.000022352061 
  0.000019814037 
  0.000018560467 
  0.000018560466 
  0.000019641118 
  0.000019641116 
  0.000019814035 
  0.000018387559 
  0.000018387560 
  0.000018387561 
  0.000018387560 
  0.000019814035 
  0.000019641115 
  0.000019641115 
  0.000018560465 
  0.000018560466 
  0.000019814035 
  0.000020679053 
  0.000020679051 
  0.000019425478 
  0.000019425478 
  0.000019425477 
  0.000019425478 
  0.000020679051 
  0.000020679052 
  0.000005154440 
  0.000005154441 
  0.000005154440 
  0.000005154441 
  0.000004823562 
  0.000004823563 
  0.000004816738 
  0.000004816738 
  0.000004816740 
  0.000004816739 
  0.000004823561 
  0.000004823562 
  0.000004402574 
  0.000004402572 
  0.000004401184 
  0.000004401183 
  0.000004401184 
  0.000004401184 
  0.000004402573 
  0.000004402572 
  0.000007650428 
  0.000007650424 
  0.000007650424 
  0.000007650427 
  0.000005112247 
  0.000005112244 
  0.000004939316 
  0.000004939316 
  0.000004939316 
  0.000004939316 
  0.000005112244 
  0.000005112247 
  0.000005977263 
  0.000005977262 
  0.000005977263 
  0.000005977262 
  0.000004006517 
  0.000004006518 
  0.000002748227 
  0.000002748228 
  0.000002748227 
  0.000002748226 
  0.000004006517 
  0.000004006518 
  0.000003675679 
  0.000002417188 
  0.000002417189 
  0.000003668978 
  0.000003668978 
  0.000003675686 
  0.000002410310 
  0.000002410311 
  0.000002410311 
  0.000002410311 
  0.000003675686 
  0.000003668977 
  0.000003668977 
  0.000002417188 
  0.000002417188 
  0.000003675686 
  0.000003254838 
  0.000001996284 
  0.000001996287 
  0.000003253273 
  0.000003253275 
  0.000003254839 
  0.000001994690 
  0.000001994691 
  0.000001994692 
  0.000001994691 
  0.000003254840 
  0.000003253273 
  0.000003253274 
  0.000001996285 
  0.000001996284 
  0.000003254840 
  0.000006502613 
  0.000006502612 
  0.000005244170 
  0.000005244171 
  0.000005244171 
  0.000005244170 
  0.000006502612 
  0.000006502613 
  0.000003964507 
  0.000002705987 
  0.000002705989 
  0.000003791594 
  0.000003791594 
  0.000003964507 
  0.000002533017 
  0.000002533017 
  0.000002533019 
  0.000002533020 
  0.000003964507 
  0.000003791594 
  0.000003791593 
  0.000002705987 
  0.000002705989 
  0.000003964506 
  0.000004829447 
  0.000004829447 
  0.000003570893 
  0.000003570894 
  0.000003570896 
  0.000003570893 
  0.000004829446 
  0.000004829446 
  0.000003811400 
  0.000003811399 
  0.000004588402 
  0.000004588400 
  0.000004588399 
  0.000004588399 
  0.000003811398 
  0.000003811400 
  0.000003480518 
  0.000004257623 
  0.000004257623 
  0.000003473652 
  0.000003473652 
  0.000003480518 
  0.000004250940 
  0.000004250939 
  0.000004250941 
  0.000004250941 
  0.000003480518 
  0.000003473652 
  0.000003473652 
  0.000004257622 
  0.000004257623 
  0.000003480519 
  0.000003059449 
  0.000003836767 
  0.000003836767 
  0.000003058019 
  0.000003058020 
  0.000003059448 
  0.000003835316 
  0.000003835315 
  0.000003835315 
  0.000003835316 
  0.000003059447 
  0.000003058019 
  0.000003058020 
  0.000003836765 
  0.000003836767 
  0.000003059447 
  0.000006307275 
  0.000006307276 
  0.000007084411 
  0.000007084412 
  0.000007084413 
  0.000007084411 
  0.000006307276 
  0.000006307276 
  0.000003769128 
  0.000004546349 
  0.000004546350 
  0.000003596239 
  0.000003596240 
  0.000003769128 
  0.000004373430 
  0.000004373430 
  0.000004373431 
  0.000004373430 
  0.000003769129 
  0.000003596240 
  0.000003596240 
  0.000004546350 
  0.000004546352 
  0.000003769128 
  0.000004634218 
  0.000004634217 
  0.000005411382 
  0.000005411379 
  0.000005411380 
  0.000005411379 
  0.000004634219 
  0.000004634217 
  0.000004521678 
  0.000004521678 
  0.000004521679 
  0.000004521678 
  0.000004190945 
  0.000004190945 
  0.000004184085 
  0.000004184086 
  0.000004184087 
  0.000004184085 
  0.000004190945 
  0.000004190946 
  0.000003769861 
  0.000003769862 
  0.000003768392 
  0.000003768391 
  0.000003768391 
  0.000003768391 
  0.000003769862 
  0.000003769862 
  0.000007017948 
  0.000007017948 
  0.000007017949 
  0.000007017948 
  0.000004479677 
  0.000004479676 
  0.000004306759 
  0.000004306758 
  0.000004306758 
  0.000004306757 
  0.000004479676 
  0.000004479679 
  0.000005344623 
  0.000005344620 
  0.000005344620 
  0.000005344620 
  0.000003905397 
  0.000003905394 
  0.000004177856 
  0.000004177856 
  0.000004177856 
  0.000004177856 
  0.000003905394 
  0.000003905395 
  0.000003574660 
  0.000003847190 
  0.000003847191 
  0.000003567708 
  0.000003567708 
  0.000003574662 
  0.000003840385 
  0.000003840382 
  0.000003840386 
  0.000003840385 
  0.000003574662 
  0.000003567708 
  0.000003567708 
  0.000003847193 
  0.000003847190 
  0.000003574661 
  0.000003153567 
  0.000003426153 
  0.000003426151 
  0.000003152167 
  0.000003152167 
  0.000003153568 
  0.000003424668 
  0.000003424667 
  0.000003424667 
  0.000003424668 
  0.000003153567 
  0.000003152167 
  0.000003152169 
  0.000003426152 
  0.000003426150 
  0.000003153567 
  0.000006401532 
  0.000006401532 
  0.000006674192 
  0.000006674191 
  0.000006674192 
  0.000006674192 
  0.000006401532 
  0.000006401531 
  0.000003863329 
  0.000004135991 
  0.000004135991 
  0.000003690501 
  0.000003690501 
  0.000003863326 
  0.000003963053 
  0.000003963053 
  0.000003963053 
  0.000003963052 
  0.000003863328 
  0.000003690501 
  0.000003690501 
  0.000004135991 
  0.000004135990 
  0.000003863328 
  0.000004728293 
  0.000004728293 
  0.000005000903 
  0.000005000903 
  0.000005000903 
  0.000005000903 
  0.000004728294 
  0.000004728293 
  0.000007811931 
  0.000007811931 
  0.000007811931 
  0.000007811931 
  0.000007481193 
  0.000007481193 
  0.000007474416 
  0.000007474415 
  0.000007474415 
  0.000007474415 
  0.000007481193 
  0.000007481201 
  0.000007060223 
  0.000007060226 
  0.000007058873 
  0.000007058873 
  0.000007058873 
  0.000007058872 
  0.000007060227 
  0.000007060223 
  0.000010308058 
  0.000010308058 
  0.000010308059 
  0.000010308057 
  0.000007769952 
  0.000007769952 
  0.000007597069 
  0.000007597070 
  0.000007597071 
  0.000007597069 
  0.000007769952 
  0.000007769952 
  0.000008635037 
  0.000008635036 
  0.000008635034 
  0.000008635034 
  0.000063361712 
  0.000063361712 
  0.000016636970 
  0.000016636971 
  0.000016659795 
  0.000016659794 
  0.000016465119 
  0.000016465118 
  0.000016515377 
  0.000016515377 
  0.000017939621 
  0.000017939621 
  0.000016686070 
  0.000016686070 
  0.000003237785 
  0.000003237785 
  0.000002090035 
  0.000002090035 
  0.000000831446 
  0.000000831447 
  0.000001894737 
  0.000001894738 
  0.000002671954 
  0.000002671956 
  0.000002605202 
  0.000002605201 
  0.000001988900 
  0.000001988900 
  0.000002261482 
  0.000002261482 
  0.000005895601 
  0.000005895601 
  0.000001916266 
  0.000001916405 
  0.000001585648 
  0.000001585648 
  0.000001578802 
  0.000001578803 
  0.000001164682 
  0.000001164683 
  0.000001163237 
  0.000001163238 
  0.000004412431 
  0.000004412429 
  0.000001874394 
  0.000001874395 
  0.000001701495 
  0.000001701495 
  0.000002739447 
  0.000002739449 
  0.000082347971 
  0.000082347973 
  0.000078896374 
  0.000078896373 
  0.000035622959 
  0.000035645823 
  0.000032171887 
  0.000032194714 
  0.000035645825 
  0.000035622960 
  0.000032194715 
  0.000032171887 
  0.000035449638 
  0.000035499884 
  0.000032001537 
  0.000032051789 
  0.000035499884 
  0.000035449638 
  0.000032051789 
  0.000032001536 
  0.000036926240 
  0.000035672742 
  0.000033473929 
  0.000032220309 
  0.000035672742 
  0.000036926240 
  0.000032220308 
  0.000033473929 
  0.000022222344 
  0.000022222343 
  0.000018774162 
  0.000018774162 
  0.000021074099 
  0.000019815561 
  0.000017626847 
  0.000016368266 
  0.000019815561 
  0.000021074099 
  0.000016368265 
  0.000017626846 
  0.000020881241 
  0.000021657911 
  0.000017429182 
  0.000018206909 
  0.000021657910 
  0.000020881241 
  0.000018206909 
  0.000017429181 
  0.000021583812 
  0.000021583813 
  0.000018147514 
  0.000018147515 
  0.000020973661 
  0.000021246182 
  0.000017525065 
  0.000017797681 
  0.000021246182 
  0.000020973661 
  0.000017797682 
  0.000017525064 
  0.000024882710 
  0.000024882711 
  0.000021429389 
  0.000021429390 
  0.000020901426 
  0.000020901426 
  0.000017452206 
  0.000017452207 
  0.000020569000 
  0.000020562179 
  0.000017123061 
  0.000017116353 
  0.000020562179 
  0.000020569000 
  0.000017116354 
  0.000017123061 
  0.000020150758 
  0.000020149453 
  0.000016699519 
  0.000016697906 
  0.000020149454 
  0.000020150757 
  0.000016697908 
  0.000016699519 
  0.000023387975 
  0.000023387976 
  0.000019957797 
  0.000019957798 
  0.000020858095 
  0.000020685384 
  0.000017411602 
  0.000017238532 
  0.000020685383 
  0.000020858097 
  0.000017238532 
  0.000017411602 
  0.000021725899 
  0.000021725898 
  0.000018273893 
  0.000018273892 
  0.000080693044 
  0.000080693044 
  0.000077771012 
  0.000077771012 
  0.000034924933 
  0.000034947897 
  0.000030072205 
  0.000030094900 
  0.000034947898 
  0.000034924933 
  0.000030094900 
  0.000030072205 
  0.000034752423 
  0.000034802782 
  0.000029900976 
  0.000029951157 
  0.000034802782 
  0.000034752422 
  0.000029951156 
  0.000029900975 
  0.000036225528 
  0.000034969593 
  0.000031376812 
  0.000030125766 
  0.000034969591 
  0.000036225527 
  0.000030125766 
  0.000031376812 
  0.000021845703 
  0.000021845702 
  0.000016347190 
  0.000016347191 
  0.000020696429 
  0.000019437990 
  0.000015200963 
  0.000013942251 
  0.000019437991 
  0.000020696429 
  0.000013942252 
  0.000015200963 
  0.000020499734 
  0.000021274642 
  0.000015007082 
  0.000015786618 
  0.000021274643 
  0.000020499735 
  0.000015786619 
  0.000015007082 
  0.000021210473 
  0.000021210472 
  0.000015717248 
  0.000015717247 
  0.000020592352 
  0.000020864394 
  0.000015102788 
  0.000015375914 
  0.000020864393 
  0.000020592352 
  0.000015375915 
  0.000015102787 
  0.000024490326 
  0.000024490324 
  0.000019018167 
  0.000019018168 
  0.000020521630 
  0.000020521630 
  0.000015028433 
  0.000015028434 
  0.000020191856 
  0.000020184455 
  0.000014696775 
  0.000014690483 
  0.000020184454 
  0.000020191855 
  0.000014690482 
  0.000014696775 
  0.000019769510 
  0.000019768419 
  0.000014277204 
  0.000014275385 
  0.000019768418 
  0.000019769510 
  0.000014275386 
  0.000014277203 
  0.000023018140 
  0.000023018140 
  0.000017524112 
  0.000017524113 
  0.000020479455 
  0.000020306606 
  0.000014986664 
  0.000014813754 
  0.000020306605 
  0.000020479454 
  0.000014813753 
  0.000014986664 
  0.000021341407 
  0.000021341408 
  0.000015854807 
  0.000015854806 
  0.000110103243 
  0.000110103244 
  0.000084507990 
  0.000084507990 
  0.000063360284 
  0.000063377962 
  0.000037801568 
  0.000037829675 
  0.000063377963 
  0.000063360283 
  0.000037829675 
  0.000037801568 
  0.000063190703 
  0.000063240541 
  0.000037627404 
  0.000037678092 
  0.000063240540 
  0.000063190704 
  0.000037678092 
  0.000037627403 
  0.000064663683 
  0.000063425152 
  0.000039103454 
  0.000037834873 
  0.000063425151 
  0.000064663683 
  0.000037834873 
  0.000039103454 
  0.000049915925 
  0.000049915925 
  0.000024447787 
  0.000024447786 
  0.000048804867 
  0.000047535686 
  0.000023263160 
  0.000022015195 
  0.000047535686 
  0.000048804868 
  0.000022015195 
  0.000023263160 
  0.000048614502 
  0.000049383649 
  0.000023063000 
  0.000023848175 
  0.000049383649 
  0.000048614500 
  0.000023848175 
  0.000023063001 
  0.000049301951 
  0.000049301950 
  0.000023796319 
  0.000023796319 
  0.000048707752 
  0.000048983373 
  0.000023157924 
  0.000023427496 
  0.000048983374 
  0.000048707754 
  0.000023427496 
  0.000023157924 
  0.000052617117 
  0.000052617117 
  0.000027061953 
  0.000027061952 
  0.000048629155 
  0.000048629155 
  0.000023091459 
  0.000023091459 
  0.000048310966 
  0.000048295076 
  0.000022748066 
  0.000022750260 
  0.000048295075 
  0.000048310967 
  0.000022750260 
  0.000022748065 
  0.000047885538 
  0.000047889580 
  0.000022331567 
  0.000022324612 
  0.000047889581 
  0.000047885538 
  0.000022324613 
  0.000022331566 
  0.000051119658 
  0.000051119659 
  0.000025592975 
  0.000025592975 
  0.000048597591 
  0.000048422773 
  0.000023039008 
  0.000022868117 
  0.000048422771 
  0.000048597590 
  0.000022868118 
  0.000023039007 
  0.000049457907 
  0.000049457907 
  0.000023908849 
  0.000023908848 
  0.000091464900 
  0.000091464899 
  0.000097549262 
  0.000097549262 
  0.000044728386 
  0.000044750591 
  0.000050836507 
  0.000050860020 
  0.000044750590 
  0.000044728386 
  0.000050860019 
  0.000050836507 
  0.000044566228 
  0.000044615770 
  0.000050654831 
  0.000050705826 
  0.000044615770 
  0.000044566228 
  0.000050705826 
  0.000050654831 
  0.000046020696 
  0.000044784577 
  0.000052149440 
  0.000050878306 
  0.000044784577 
  0.000046020696 
  0.000050878306 
  0.000052149441 
  0.000031329415 
  0.000031329417 
  0.000037437361 
  0.000037437360 
  0.000030181582 
  0.000028935608 
  0.000036289440 
  0.000035018200 
  0.000028935607 
  0.000030181582 
  0.000035018199 
  0.000036289440 
  0.000029979955 
  0.000030760485 
  0.000036100428 
  0.000036874318 
  0.000030760486 
  0.000029979954 
  0.000036874317 
  0.000036100427 
  0.000030735451 
  0.000030735451 
  0.000036765610 
  0.000036765610 
  0.000030086877 
  0.000030356569 
  0.000036181694 
  0.000036457178 
  0.000030356570 
  0.000030086877 
  0.000036457178 
  0.000036181695 
  0.000033981948 
  0.000033981948 
  0.000040099779 
  0.000040099780 
  0.000029999735 
  0.000029999746 
  0.000036124306 
  0.000036124306 
  0.000029674196 
  0.000029662797 
  0.000035788083 
  0.000035785924 
  0.000029662797 
  0.000029674196 
  0.000035785924 
  0.000035788084 
  0.000029251215 
  0.000029244739 
  0.000035369204 
  0.000035372690 
  0.000029244739 
  0.000029251215 
  0.000035372690 
  0.000035369204 
  0.000032504692 
  0.000032504693 
  0.000038611391 
  0.000038611392 
  0.000029960489 
  0.000029787894 
  0.000036079305 
  0.000035906106 
  0.000029787893 
  0.000029960489 
  0.000035906106 
  0.000036079305 
  0.000030822658 
  0.000030822657 
  0.000036947191 
  0.000036947190 
  0.000065338051 
  0.000065338051 
  0.000065299239 
  0.000065299238 
  0.000018601414 
  0.000018625677 
  0.000018586576 
  0.000018608011 
  0.000018625676 
  0.000018601414 
  0.000018608011 
  0.000018586575 
  0.000018429583 
  0.000018480134 
  0.000018414700 
  0.000018464670 
  0.000018480135 
  0.000018429582 
  0.000018464671 
  0.000018414699 
  0.000019911707 
  0.000018652629 
  0.000019881593 
  0.000018633550 
  0.000018652628 
  0.000019911707 
  0.000018633551 
  0.000019881594 
  0.000005200448 
  0.000005200447 
  0.000005189254 
  0.000005189255 
  0.000004051349 
  0.000002792488 
  0.000004042777 
  0.000002784503 
  0.000002792487 
  0.000004051348 
  0.000002784503 
  0.000004042778 
  0.000003859079 
  0.000004639430 
  0.000003844508 
  0.000004618601 
  0.000004639430 
  0.000003859078 
  0.000004618601 
  0.000003844507 
  0.000004565694 
  0.000004565693 
  0.000004558778 
  0.000004558777 
  0.000003953869 
  0.000004227231 
  0.000003938016 
  0.000004209829 
  0.000004227231 
  0.000003953869 
  0.000004209827 
  0.000003938016 
  0.000007874945 
  0.000007874945 
  0.000007830330 
  0.000007830331 
  0.000003877392 
  0.000003877392 
  0.000003869400 
  0.000003869399 
  0.000003546057 
  0.000003540107 
  0.000003539174 
  0.000003531598 
  0.000003540107 
  0.000003546058 
  0.000003531599 
  0.000003539174 
  0.000003132367 
  0.000003130429 
  0.000003111174 
  0.000003110162 
  0.000003130429 
  0.000003132369 
  0.000003110163 
  0.000003111175 
  0.000006373605 
  0.000006373605 
  0.000006365399 
  0.000006365399 
  0.000003842109 
  0.000003668799 
  0.000003820879 
  0.000003648362 
  0.000003668799 
  0.000003842108 
  0.000003648362 
  0.000003820879 
  0.000004726715 
  0.000004726714 
  0.000004666535 
  0.000004666534 
  0.000134879668 
  0.000129952823 
  0.000129952822 
  0.000134879668 
  0.000088154431 
  0.000083228624 
  0.000088177287 
  0.000083251441 
  0.000088177288 
  0.000083251440 
  0.000088154432 
  0.000083228625 
  0.000087979607 
  0.000083059719 
  0.000088029850 
  0.000083109986 
  0.000088029850 
  0.000083109985 
  0.000087979606 
  0.000083059720 
  0.000089458283 
  0.000084530013 
  0.000088204893 
  0.000083276351 
  0.000088204895 
  0.000083276351 
  0.000089458285 
  0.000084530012 
  0.000074752384 
  0.000069832306 
  0.000069832306 
  0.000074752384 
  0.000073603625 
  0.000068685498 
  0.000072345110 
  0.000067426942 
  0.000072345111 
  0.000067426942 
  0.000073603625 
  0.000068685497 
  0.000073413180 
  0.000068485413 
  0.000074189329 
  0.000069263670 
  0.000074189329 
  0.000069263670 
  0.000073413180 
  0.000068485414 
  0.000074107877 
  0.000069211652 
  0.000069211652 
  0.000074107878 
  0.000073503869 
  0.000068583014 
  0.000073776361 
  0.000068855717 
  0.000073776361 
  0.000068855715 
  0.000073503870 
  0.000068583015 
  0.000077415320 
  0.000072484948 
  0.000072484948 
  0.000077415321 
  0.000073431877 
  0.000068509963 
  0.000068509963 
  0.000073431878 
  0.000073097955 
  0.000068182280 
  0.000073090975 
  0.000068175688 
  0.000073090975 
  0.000068175688 
  0.000073097954 
  0.000068182280 
  0.000072682304 
  0.000067756161 
  0.000072681139 
  0.000067754389 
  0.000072681139 
  0.000067754389 
  0.000072682305 
  0.000067756162 
  0.000075908928 
  0.000071024912 
  0.000071024912 
  0.000075908927 
  0.000073387265 
  0.000068470604 
  0.000073214711 
  0.000068297333 
  0.000073214712 
  0.000068297332 
  0.000073387264 
  0.000068470604 
  0.000074257799 
  0.000069330137 
  0.000069330136 
  0.000074257798 
  0.000099711972 
  0.000099711972 
  0.000096194972 
  0.000096194973 
  0.000096724420 
  0.000096724421 
  0.000093338538 
  0.000093338538 
  0.000053943621 
  0.000050427153 
  0.000049025334 
  0.000053966608 
  0.000053966608 
  0.000045639964 
  0.000050450080 
  0.000050450079 
  0.000049048101 
  0.000049048099 
  0.000053943620 
  0.000045662696 
  0.000045662697 
  0.000050427154 
  0.000049025333 
  0.000045639965 
  0.000053769681 
  0.000050256130 
  0.000048852688 
  0.000053820006 
  0.000053820006 
  0.000045470239 
  0.000050306499 
  0.000050306498 
  0.000048902847 
  0.000048902847 
  0.000053769680 
  0.000045520447 
  0.000045520447 
  0.000050256131 
  0.000048852689 
  0.000045470237 
  0.000055244869 
  0.000051727157 
  0.000050330609 
  0.000053988987 
  0.000053988988 
  0.000046944010 
  0.000050471146 
  0.000050471145 
  0.000049079609 
  0.000049079608 
  0.000055244870 
  0.000045692880 
  0.000045692880 
  0.000051727157 
  0.000050330609 
  0.000046944010 
  0.000040863008 
  0.000040863006 
  0.000037349391 
  0.000037349391 
  0.000035298935 
  0.000035298936 
  0.000031916442 
  0.000031916441 
  0.000039713215 
  0.000036200584 
  0.000034152219 
  0.000038454826 
  0.000038454826 
  0.000030770678 
  0.000034942135 
  0.000034942135 
  0.000032893524 
  0.000032893524 
  0.000039713215 
  0.000029511963 
  0.000029511963 
  0.000036200584 
  0.000034152218 
  0.000030770678 
  0.000039518952 
  0.000036001496 
  0.000033960740 
  0.000040293285 
  0.000040293285 
  0.000030574391 
  0.000036776887 
  0.000036776887 
  0.000034739751 
  0.000034739750 
  0.000039518952 
  0.000031354446 
  0.000031354445 
  0.000036001496 
  0.000033960740 
  0.000030574392 
  0.000040221798 
  0.000040221797 
  0.000036720084 
  0.000036720083 
  0.000034663056 
  0.000034663056 
  0.000031292454 
  0.000031292454 
  0.000039609821 
  0.000036095794 
  0.000034054743 
  0.000039881800 
  0.000039881801 
  0.000030671824 
  0.000036367909 
  0.000036367909 
  0.000034327801 
  0.000034327799 
  0.000039609822 
  0.000030944996 
  0.000030944996 
  0.000036095795 
  0.000034054742 
  0.000030671824 
  0.000043510178 
  0.000043510177 
  0.000039991421 
  0.000039991420 
  0.000037972481 
  0.000037972482 
  0.000034584845 
  0.000034584845 
  0.000039539460 
  0.000039539459 
  0.000036024825 
  0.000036024824 
  0.000033980608 
  0.000033980608 
  0.000030597085 
  0.000030597085 
  0.000039207913 
  0.000035696577 
  0.000033647329 
  0.000039200527 
  0.000039200528 
  0.000030267059 
  0.000035689312 
  0.000035689313 
  0.000033641054 
  0.000033641052 
  0.000039207913 
  0.000030260934 
  0.000030260934 
  0.000035696578 
  0.000033647329 
  0.000030267060 
  0.000038788290 
  0.000035271629 
  0.000033230469 
  0.000038787359 
  0.000038787359 
  0.000029844911 
  0.000035270369 
  0.000035270368 
  0.000033228808 
  0.000033228809 
  0.000038788290 
  0.000029842944 
  0.000029842943 
  0.000035271630 
  0.000033230469 
  0.000029844911 
  0.000042026385 
  0.000042026385 
  0.000038530790 
  0.000038530791 
  0.000036466812 
  0.000036466812 
  0.000033102327 
  0.000033102326 
  0.000039495884 
  0.000035983955 
  0.000033937555 
  0.000039323218 
  0.000039323218 
  0.000030556768 
  0.000035810934 
  0.000035810934 
  0.000033764784 
  0.000033764785 
  0.000039495885 
  0.000030383640 
  0.000030383640 
  0.000035983955 
  0.000033937555 
  0.000030556768 
  0.000040360581 
  0.000040360581 
  0.000036843149 
  0.000036843150 
  0.000034808443 
  0.000034808443 
  0.000031422136 
  0.000031422137 
  0.000128403491 
  0.000128403490 
  0.000126327495 
  0.000126327495 
  0.000104178452 
  0.000104178452 
  0.000099354821 
  0.000099354820 
  0.000081660240 
  0.000079584789 
  0.000057471770 
  0.000081677949 
  0.000081677949 
  0.000052648670 
  0.000079602449 
  0.000079602450 
  0.000057499889 
  0.000057499889 
  0.000081660240 
  0.000052676735 
  0.000052676735 
  0.000079584789 
  0.000057471769 
  0.000052648669 
  0.000081489235 
  0.000079416693 
  0.000057296127 
  0.000081539066 
  0.000081539065 
  0.000052475990 
  0.000079466517 
  0.000079466519 
  0.000057346802 
  0.000057346802 
  0.000081489236 
  0.000052526665 
  0.000052526665 
  0.000079416693 
  0.000057296127 
  0.000052475991 
  0.000082964274 
  0.000080887572 
  0.000058774283 
  0.000081725829 
  0.000081725828 
  0.000053949907 
  0.000079648964 
  0.000079648964 
  0.000057505761 
  0.000057505761 
  0.000082964274 
  0.000052681260 
  0.000052681259 
  0.000080887573 
  0.000058774283 
  0.000053949906 
  0.000068214451 
  0.000068214451 
  0.000066141864 
  0.000066141864 
  0.000044116569 
  0.000044116570 
  0.000039296295 
  0.000039296294 
  0.000067102907 
  0.000065031222 
  0.000042931407 
  0.000065833758 
  0.000065833758 
  0.000038112122 
  0.000063762023 
  0.000063762023 
  0.000041683495 
  0.000041683496 
  0.000067102908 
  0.000036864166 
  0.000036864167 
  0.000065031221 
  0.000042931407 
  0.000038112121 
  0.000066914932 
  0.000064838470 
  0.000042733691 
  0.000067683560 
  0.000067683560 
  0.000037909546 
  0.000065608157 
  0.000065608156 
  0.000043518350 
  0.000043518350 
  0.000066914930 
  0.000038695283 
  0.000038695284 
  0.000064838469 
  0.000042733691 
  0.000037909546 
  0.000067594604 
  0.000067594603 
  0.000065533759 
  0.000065533760 
  0.000043459063 
  0.000043459063 
  0.000038650821 
  0.000038650821 
  0.000067006498 
  0.000064933458 
  0.000042826895 
  0.000067282044 
  0.000067282045 
  0.000038006240 
  0.000065209138 
  0.000065209138 
  0.000043096389 
  0.000043096389 
  0.000067006497 
  0.000038275838 
  0.000038275839 
  0.000064933458 
  0.000042826896 
  0.000038006241 
  0.000070918198 
  0.000070918198 
  0.000068840469 
  0.000068840468 
  0.000046733311 
  0.000046733311 
  0.000041907865 
  0.000041907866 
  0.000066928153 
  0.000066928154 
  0.000064854639 
  0.000064854637 
  0.000042760757 
  0.000042760757 
  0.000037939537 
  0.000037939537 
  0.000066608435 
  0.000064537916 
  0.000042415983 
  0.000066592446 
  0.000066592447 
  0.000037597636 
  0.000064522153 
  0.000064522152 
  0.000042417923 
  0.000042417922 
  0.000066608437 
  0.000037600111 
  0.000037600111 
  0.000064537916 
  0.000042415981 
  0.000037597637 
  0.000066185590 
  0.000064109937 
  0.000042001977 
  0.000066189793 
  0.000066189794 
  0.000037178525 
  0.000064113830 
  0.000064113830 
  0.000041995157 
  0.000041995158 
  0.000066185590 
  0.000037171400 
  0.000037171400 
  0.000064109937 
  0.000042001976 
  0.000037178526 
  0.000069409233 
  0.000069409232 
  0.000067354463 
  0.000067354465 
  0.000045252739 
  0.000045252740 
  0.000040450663 
  0.000040450662 
  0.000066895263 
  0.000064824331 
  0.000042706985 
  0.000066720648 
  0.000066720646 
  0.000037888475 
  0.000064649343 
  0.000064649343 
  0.000042536173 
  0.000042536172 
  0.000066895264 
  0.000037717285 
  0.000037717284 
  0.000064824332 
  0.000042706985 
  0.000037888477 
  0.000067758316 
  0.000067758316 
  0.000065681929 
  0.000065681928 
  0.000043579522 
  0.000043579522 
  0.000038755437 
  0.000038755436 
  0.000111279902 
  0.000111279902 
  0.000106166885 
  0.000106166885 
  0.000115708920 
  0.000115708919 
  0.000113914405 
  0.000113914405 
  0.000064543159 
  0.000059430632 
  0.000068995884 
  0.000064565357 
  0.000064565357 
  0.000067201909 
  0.000059452854 
  0.000059452854 
  0.000069019415 
  0.000069019415 
  0.000064543159 
  0.000067225403 
  0.000067225403 
  0.000059430633 
  0.000068995883 
  0.000067201909 
  0.000064379484 
  0.000059269974 
  0.000068812760 
  0.000064428992 
  0.000064428992 
  0.000067021664 
  0.000059319541 
  0.000059319541 
  0.000068863760 
  0.000068863759 
  0.000064379484 
  0.000067072699 
  0.000067072698 
  0.000059269973 
  0.000068812762 
  0.000067021664 
  0.000065836031 
  0.000060722323 
  0.000070309419 
  0.000064599973 
  0.000064599972 
  0.000068514200 
  0.000059486126 
  0.000059486125 
  0.000069038381 
  0.000069038381 
  0.000065836030 
  0.000067243018 
  0.000067243018 
  0.000060722322 
  0.000070309418 
  0.000068514200 
  0.000051142727 
  0.000051142727 
  0.000046033102 
  0.000046033101 
  0.000055595317 
  0.000055595317 
  0.000053804213 
  0.000053804213 
  0.000049994384 
  0.000044885773 
  0.000054446912 
  0.000048748413 
  0.000048748414 
  0.000052656736 
  0.000043639793 
  0.000043639793 
  0.000053175717 
  0.000053175717 
  0.000049994384 
  0.000051385496 
  0.000051385496 
  0.000044885772 
  0.000054446912 
  0.000052656736 
  0.000049795185 
  0.000044681744 
  0.000054260307 
  0.000050575179 
  0.000050575178 
  0.000052465341 
  0.000045462773 
  0.000045462774 
  0.000055033648 
  0.000055033649 
  0.000049795185 
  0.000053239736 
  0.000053239736 
  0.000044681744 
  0.000054260307 
  0.000052465341 
  0.000050542721 
  0.000050542721 
  0.000045445191 
  0.000045445191 
  0.000054917711 
  0.000054917711 
  0.000053138323 
  0.000053138323 
  0.000049900367 
  0.000044790389 
  0.000054339855 
  0.000050169999 
  0.000050169998 
  0.000052548308 
  0.000045060153 
  0.000045060152 
  0.000054615273 
  0.000054615273 
  0.000049900368 
  0.000052823825 
  0.000052823825 
  0.000044790389 
  0.000054339856 
  0.000052548308 
  0.000053797824 
  0.000053797824 
  0.000048683087 
  0.000048683087 
  0.000058260295 
  0.000058260295 
  0.000056464019 
  0.000056464019 
  0.000049813507 
  0.000049813506 
  0.000044703035 
  0.000044703034 
  0.000054282710 
  0.000054282710 
  0.000052490697 
  0.000052490697 
  0.000049486457 
  0.000044378979 
  0.000053944974 
  0.000049474904 
  0.000049474904 
  0.000052155977 
  0.000044367668 
  0.000044367668 
  0.000053942682 
  0.000053942682 
  0.000049486457 
  0.000052153939 
  0.000052153939 
  0.000044378980 
  0.000053944973 
  0.000052155978 
  0.000049066025 
  0.000043953386 
  0.000053528668 
  0.000049059731 
  0.000049059732 
  0.000051734489 
  0.000043946769 
  0.000043946769 
  0.000053532306 
  0.000053532306 
  0.000049066024 
  0.000051737841 
  0.000051737841 
  0.000043953387 
  0.000053528667 
  0.000051734489 
  0.000052308922 
  0.000052308922 
  0.000047217417 
  0.000047217417 
  0.000056760344 
  0.000056760344 
  0.000054987172 
  0.000054987172 
  0.000049772915 
  0.000044665038 
  0.000054236412 
  0.000049600500 
  0.000049600500 
  0.000052446948 
  0.000044492262 
  0.000044492262 
  0.000054063393 
  0.000054063395 
  0.000049772914 
  0.000052273580 
  0.000052273580 
  0.000044665038 
  0.000054236413 
  0.000052446948 
  0.000050637856 
  0.000050637856 
  0.000045524429 
  0.000045524428 
  0.000055107038 
  0.000055107038 
  0.000053312104 
  0.000053312105 
  0.000084334159 
  0.000084334161 
  0.000080862840 
  0.000080862840 
  0.000084275716 
  0.000084275715 
  0.000080843659 
  0.000080843658 
  0.000037597248 
  0.000034126466 
  0.000037562808 
  0.000037621533 
  0.000037621533 
  0.000034131281 
  0.000034150708 
  0.000034150707 
  0.000037584243 
  0.000037584242 
  0.000037597248 
  0.000034152694 
  0.000034152694 
  0.000034126466 
  0.000037562808 
  0.000034131282 
  0.000037423952 
  0.000033956112 
  0.000037389457 
  0.000037474502 
  0.000037474504 
  0.000033960865 
  0.000034006694 
  0.000034006695 
  0.000037439392 
  0.000037439392 
  0.000037423953 
  0.000034010848 
  0.000034010849 
  0.000033956110 
  0.000037389458 
  0.000033960865 
  0.000038908170 
  0.000035436160 
  0.000038858437 
  0.000037649152 
  0.000037649152 
  0.000035425686 
  0.000034177000 
  0.000034177000 
  0.000037610425 
  0.000037610424 
  0.000038908170 
  0.000034177555 
  0.000034177555 
  0.000035436161 
  0.000038858437 
  0.000035425686 
  0.000024194851 
  0.000024194851 
  0.000020726944 
  0.000020726944 
  0.000024164027 
  0.000024164027 
  0.000020735383 
  0.000020735383 
  0.000023045303 
  0.000019578337 
  0.000023017100 
  0.000021786453 
  0.000021786453 
  0.000019589395 
  0.000018319452 
  0.000018319452 
  0.000021758854 
  0.000021758854 
  0.000023045303 
  0.000018331102 
  0.000018331102 
  0.000019578336 
  0.000023017098 
  0.000019589396 
  0.000022855422 
  0.000019383634 
  0.000022821220 
  0.000023635227 
  0.000023635228 
  0.000019388727 
  0.000020164532 
  0.000020164532 
  0.000023594786 
  0.000023594786 
  0.000022855422 
  0.000020163324 
  0.000020163326 
  0.000019383633 
  0.000022821219 
  0.000019388727 
  0.000023554153 
  0.000023554154 
  0.000020098153 
  0.000020098154 
  0.000023527594 
  0.000023527594 
  0.000020110848 
  0.000020110848 
  0.000022948484 
  0.000019480153 
  0.000022913005 
  0.000023221782 
  0.000023221781 
  0.000019483930 
  0.000019753569 
  0.000019753568 
  0.000023184751 
  0.000023184751 
  0.000022948485 
  0.000019755820 
  0.000019755819 
  0.000019480153 
  0.000022913005 
  0.000019483931 
  0.000026871922 
  0.000026871921 
  0.000023398879 
  0.000023398879 
  0.000026807675 
  0.000026807674 
  0.000023373876 
  0.000023373875 
  0.000022872255 
  0.000022872255 
  0.000019403467 
  0.000019403466 
  0.000022844627 
  0.000022844627 
  0.000019415092 
  0.000019415092 
  0.000022539414 
  0.000019073756 
  0.000022512917 
  0.000022533310 
  0.000022533310 
  0.000019086368 
  0.000019067794 
  0.000019067794 
  0.000022505183 
  0.000022505182 
  0.000022539413 
  0.000019078902 
  0.000019078902 
  0.000019073755 
  0.000022512917 
  0.000019086368 
  0.000022128306 
  0.000018657328 
  0.000022087482 
  0.000022126531 
  0.000022126530 
  0.000018655768 
  0.000018655259 
  0.000018655259 
  0.000022086612 
  0.000022086612 
  0.000022128305 
  0.000018654614 
  0.000018654613 
  0.000018657329 
  0.000022087482 
  0.000018655768 
  0.000025359005 
  0.000025359006 
  0.000021909083 
  0.000021909083 
  0.000025331145 
  0.000025331144 
  0.000021920510 
  0.000021920509 
  0.000022835641 
  0.000019369407 
  0.000022794803 
  0.000022662551 
  0.000022662549 
  0.000019367857 
  0.000019195962 
  0.000019195963 
  0.000022622467 
  0.000022622465 
  0.000022835642 
  0.000019195157 
  0.000019195158 
  0.000019369406 
  0.000022794801 
  0.000019367857 
  0.000023723023 
  0.000023723023 
  0.000020251281 
  0.000020251281 
  0.000023643210 
  0.000023643208 
  0.000020210757 
  0.000020210758 
  0.000129130924 
  0.000124566442 
  0.000124566442 
  0.000129130924 
  0.000084302326 
  0.000075875752 
  0.000084325366 
  0.000075898277 
  0.000084325364 
  0.000075898277 
  0.000084302326 
  0.000075875752 
  0.000084129190 
  0.000075705151 
  0.000084179581 
  0.000075755222 
  0.000084179580 
  0.000075755223 
  0.000084129189 
  0.000075705151 
  0.000085600842 
  0.000077182286 
  0.000084342559 
  0.000075933805 
  0.000084342560 
  0.000075933805 
  0.000085600842 
  0.000077182285 
  0.000071537366 
  0.000061818987 
  0.000061818988 
  0.000071537367 
  0.000070386539 
  0.000060674299 
  0.000069128274 
  0.000059415443 
  0.000069128274 
  0.000059415442 
  0.000070386539 
  0.000060674299 
  0.000070188459 
  0.000060481787 
  0.000070961009 
  0.000061263648 
  0.000070961010 
  0.000061263647 
  0.000070188458 
  0.000060481788 
  0.000070899450 
  0.000061191739 
  0.000061191739 
  0.000070899449 
  0.000070279507 
  0.000060579063 
  0.000070550997 
  0.000060852733 
  0.000070550998 
  0.000060852732 
  0.000070279507 
  0.000060579062 
  0.000074168752 
  0.000064503126 
  0.000064503124 
  0.000074168752 
  0.000070210649 
  0.000060502836 
  0.000060502836 
  0.000070210650 
  0.000069881801 
  0.000060170307 
  0.000069873803 
  0.000060164603 
  0.000069873803 
  0.000060164603 
  0.000069881803 
  0.000060170307 
  0.000069458031 
  0.000059752119 
  0.000069457288 
  0.000059749930 
  0.000069457288 
  0.000059749931 
  0.000069458030 
  0.000059752119 
  0.000072707536 
  0.000062998165 
  0.000062998165 
  0.000072707536 
  0.000070168242 
  0.000060461351 
  0.000069995434 
  0.000060288359 
  0.000069995432 
  0.000060288359 
  0.000070168242 
  0.000060461351 
  0.000071027049 
  0.000061332535 
  0.000061332534 
  0.000071027048 
  0.000127848385 
  0.000127848385 
  0.000124101247 
  0.000124101246 
  0.000101422002 
  0.000101422001 
  0.000099332084 
  0.000099332083 
  0.000082062125 
  0.000076384063 
  0.000055672101 
  0.000082079907 
  0.000082079907 
  0.000051651696 
  0.000076401629 
  0.000076401629 
  0.000055700339 
  0.000055700339 
  0.000082062125 
  0.000051679646 
  0.000051679645 
  0.000076384061 
  0.000055672102 
  0.000051651696 
  0.000081891922 
  0.000076215169 
  0.000055497303 
  0.000081941827 
  0.000081941828 
  0.000051478177 
  0.000076264885 
  0.000076264885 
  0.000055548064 
  0.000055548064 
  0.000081891923 
  0.000051528765 
  0.000051528764 
  0.000076215171 
  0.000055497302 
  0.000051478175 
  0.000083363495 
  0.000077689448 
  0.000056971930 
  0.000082122575 
  0.000082122575 
  0.000052955551 
  0.000076453407 
  0.000076453406 
  0.000055700947 
  0.000055700948 
  0.000083363495 
  0.000051689464 
  0.000051689463 
  0.000077689447 
  0.000056971930 
  0.000052955550 
  0.000068937771 
  0.000068937770 
  0.000062613879 
  0.000062613880 
  0.000042638277 
  0.000042638277 
  0.000037972160 
  0.000037972160 
  0.000067825160 
  0.000061504350 
  0.000041452100 
  0.000066556117 
  0.000066556117 
  0.000036789031 
  0.000060235030 
  0.000060235030 
  0.000040204277 
  0.000040204277 
  0.000067825159 
  0.000035540930 
  0.000035540930 
  0.000061504349 
  0.000041452100 
  0.000036789029 
  0.000067633389 
  0.000061315382 
  0.000041250550 
  0.000068400272 
  0.000068400272 
  0.000036590250 
  0.000062086820 
  0.000062086820 
  0.000042033361 
  0.000042033361 
  0.000067633389 
  0.000037377838 
  0.000037377837 
  0.000061315382 
  0.000041250550 
  0.000036590250 
  0.000068321145 
  0.000068321144 
  0.000062002562 
  0.000062002562 
  0.000041984114 
  0.000041984115 
  0.000037323329 
  0.000037323328 
  0.000067725139 
  0.000061410168 
  0.000041343917 
  0.000068000207 
  0.000068000207 
  0.000036686770 
  0.000061686333 
  0.000061686334 
  0.000041612923 
  0.000041612923 
  0.000067725139 
  0.000036956888 
  0.000036956888 
  0.000061410168 
  0.000041343918 
  0.000036686770 
  0.000071625811 
  0.000071625811 
  0.000065328201 
  0.000065328200 
  0.000045239183 
  0.000045239183 
  0.000040599527 
  0.000040599527 
  0.000067648410 
  0.000067648410 
  0.000061329729 
  0.000061329729 
  0.000041279344 
  0.000041279345 
  0.000036618413 
  0.000036618415 
  0.000067331084 
  0.000061010639 
  0.000040936839 
  0.000067314639 
  0.000067314639 
  0.000036274258 
  0.000060995333 
  0.000060995332 
  0.000040938470 
  0.000040938470 
  0.000067331083 
  0.000036276928 
  0.000036276927 
  0.000061010638 
  0.000040936838 
  0.000036274258 
  0.000066904278 
  0.000060586593 
  0.000040518921 
  0.000066908706 
  0.000066908706 
  0.000035859061 
  0.000060590298 
  0.000060590298 
  0.000040512324 
  0.000040512324 
  0.000066904278 
  0.000035851722 
  0.000035851723 
  0.000060586594 
  0.000040518921 
  0.000035859062 
  0.000070139264 
  0.000070139262 
  0.000063819869 
  0.000063819869 
  0.000043781231 
  0.000043781229 
  0.000039119587 
  0.000039119587 
  0.000067616562 
  0.000061298415 
  0.000041226725 
  0.000067441807 
  0.000067441807 
  0.000036566209 
  0.000061123547 
  0.000061123548 
  0.000041055766 
  0.000041055766 
  0.000067616562 
  0.000036395180 
  0.000036395178 
  0.000061298414 
  0.000041226725 
  0.000036566211 
  0.000068473811 
  0.000068473811 
  0.000062161781 
  0.000062161780 
  0.000042093318 
  0.000042093318 
  0.000037439170 
  0.000037439169 
  0.000109215733 
  0.000109215734 
  0.000105459844 
  0.000105459844 
  0.000114446152 
  0.000114446152 
  0.000112387845 
  0.000112387845 
  0.000063435903 
  0.000057749141 
  0.000068689948 
  0.000063458221 
  0.000063458221 
  0.000064701088 
  0.000057771216 
  0.000057771215 
  0.000068713583 
  0.000068713583 
  0.000063435905 
  0.000064724468 
  0.000064724468 
  0.000057749140 
  0.000068689948 
  0.000064701089 
  0.000063273126 
  0.000057587603 
  0.000068507623 
  0.000063322708 
  0.000063322708 
  0.000064520063 
  0.000057637078 
  0.000057637078 
  0.000068558703 
  0.000068558702 
  0.000063273125 
  0.000064570966 
  0.000064570967 
  0.000057587602 
  0.000068507619 
  0.000064520063 
  0.000064726190 
  0.000059043403 
  0.000070000790 
  0.000063487647 
  0.000063487646 
  0.000066016008 
  0.000057809759 
  0.000057809759 
  0.000068727290 
  0.000068727289 
  0.000064726190 
  0.000064747371 
  0.000064747371 
  0.000059043402 
  0.000070000790 
  0.000066016008 
  0.000050356925 
  0.000050356925 
  0.000044024382 
  0.000044024382 
  0.000055610753 
  0.000055610753 
  0.000050976139 
  0.000050976139 
  0.000049207592 
  0.000042878055 
  0.000054461281 
  0.000047961761 
  0.000047961760 
  0.000049829778 
  0.000041631903 
  0.000041631902 
  0.000053190194 
  0.000053190195 
  0.000049207592 
  0.000048558381 
  0.000048558381 
  0.000042878055 
  0.000054461282 
  0.000049829778 
  0.000049004573 
  0.000042677810 
  0.000054270892 
  0.000049782788 
  0.000049782788 
  0.000049642154 
  0.000043460628 
  0.000043460627 
  0.000055042403 
  0.000055042403 
  0.000049004573 
  0.000050418387 
  0.000050418388 
  0.000042677809 
  0.000054270892 
  0.000049642154 
  0.000049760366 
  0.000049760366 
  0.000043433007 
  0.000043433007 
  0.000054936330 
  0.000054936329 
  0.000050307108 
  0.000050307107 
  0.000049109935 
  0.000042786256 
  0.000054350559 
  0.000049379104 
  0.000049379105 
  0.000049724988 
  0.000043056510 
  0.000043056511 
  0.000054625477 
  0.000054625477 
  0.000049109934 
  0.000050001014 
  0.000050001014 
  0.000042786255 
  0.000054350559 
  0.000049724987 
  0.000052996403 
  0.000052996402 
  0.000046689957 
  0.000046689956 
  0.000058259875 
  0.000058259875 
  0.000053651808 
  0.000053651808 
  0.000049024692 
  0.000049024692 
  0.000042697280 
  0.000042697280 
  0.000054295063 
  0.000054295063 
  0.000049665724 
  0.000049665724 
  0.000048700036 
  0.000042370850 
  0.000053959739 
  0.000048688012 
  0.000048688012 
  0.000049328615 
  0.000042359986 
  0.000042359986 
  0.000053957004 
  0.000053957005 
  0.000048700036 
  0.000049327033 
  0.000049327034 
  0.000042370851 
  0.000053959739 
  0.000049328615 
  0.000048275628 
  0.000041949204 
  0.000053539441 
  0.000048269502 
  0.000048269502 
  0.000048911124 
  0.000041942405 
  0.000041942405 
  0.000053543280 
  0.000053543281 
  0.000048275626 
  0.000048914261 
  0.000048914260 
  0.000041949204 
  0.000053539441 
  0.000048911125 
  0.000051529952 
  0.000051529952 
  0.000045201850 
  0.000045201849 
  0.000056782501 
  0.000056782502 
  0.000052152437 
  0.000052152436 
  0.000048985138 
  0.000042658266 
  0.000054249800 
  0.000048812596 
  0.000048812596 
  0.000049620963 
  0.000042485620 
  0.000042485620 
  0.000054076632 
  0.000054076632 
  0.000048985138 
  0.000049447750 
  0.000049447750 
  0.000042658265 
  0.000054249800 
  0.000049620963 
  0.000049844234 
  0.000049844234 
  0.000043523507 
  0.000043523506 
  0.000055114555 
  0.000055114555 
  0.000050491943 
  0.000050491943 
  0.000083036293 
  0.000083036294 
  0.000079376040 
  0.000079376040 
  0.000082252398 
  0.000082252399 
  0.000080091075 
  0.000080091075 
  0.000037256307 
  0.000031665282 
  0.000036496337 
  0.000037280723 
  0.000037280722 
  0.000032404376 
  0.000031689403 
  0.000031689403 
  0.000036517880 
  0.000036517880 
  0.000037256308 
  0.000032425664 
  0.000032425663 
  0.000031665284 
  0.000036496336 
  0.000032404377 
  0.000037083833 
  0.000031494106 
  0.000036323821 
  0.000037134499 
  0.000037134499 
  0.000032233153 
  0.000031544573 
  0.000031544573 
  0.000036373852 
  0.000036373852 
  0.000037083831 
  0.000032283021 
  0.000032283021 
  0.000031494106 
  0.000036323821 
  0.000032233153 
  0.000038564569 
  0.000032977564 
  0.000037789307 
  0.000037303093 
  0.000037303093 
  0.000033701377 
  0.000031720988 
  0.000031720989 
  0.000036538878 
  0.000036538879 
  0.000038564569 
  0.000032455796 
  0.000032455796 
  0.000032977564 
  0.000037789306 
  0.000033701378 
  0.000024175375 
  0.000024175376 
  0.000017938473 
  0.000017938474 
  0.000023418942 
  0.000023418942 
  0.000018681280 
  0.000018681281 
  0.000023024742 
  0.000016790958 
  0.000022270985 
  0.000021766026 
  0.000021766024 
  0.000017536338 
  0.000015531922 
  0.000015531923 
  0.000021012840 
  0.000021012840 
  0.000023024741 
  0.000016277917 
  0.000016277917 
  0.000016790958 
  0.000022270985 
  0.000017536338 
  0.000022831069 
  0.000016600054 
  0.000022071302 
  0.000023609063 
  0.000023609063 
  0.000017339442 
  0.000017382732 
  0.000017382732 
  0.000022843068 
  0.000022843067 
  0.000022831070 
  0.000018115836 
  0.000018115836 
  0.000016600053 
  0.000022071302 
  0.000017339441 
  0.000023537952 
  0.000023537951 
  0.000017306423 
  0.000017306422 
  0.000022785814 
  0.000022785815 
  0.000018053438 
  0.000018053438 
  0.000022924288 
  0.000016696427 
  0.000022163246 
  0.000023197085 
  0.000023197085 
  0.000017434493 
  0.000016970312 
  0.000016970311 
  0.000022434523 
  0.000022434522 
  0.000022924289 
  0.000017706845 
  0.000017706844 
  0.000016696428 
  0.000022163246 
  0.000017434491 
  0.000026836623 
  0.000026836623 
  0.000020626204 
  0.000020626204 
  0.000026046878 
  0.000026046879 
  0.000021335474 
  0.000021335473 
  0.000022849697 
  0.000022849697 
  0.000016618039 
  0.000016618040 
  0.000022096493 
  0.000022096493 
  0.000017364028 
  0.000017364027 
  0.000022519254 
  0.000016285836 
  0.000021767182 
  0.000022512741 
  0.000022512741 
  0.000017032921 
  0.000016280456 
  0.000016280456 
  0.000021759028 
  0.000021759027 
  0.000022519254 
  0.000017025901 
  0.000017025901 
  0.000016285835 
  0.000021767183 
  0.000017032921 
  0.000022104155 
  0.000015873548 
  0.000021337766 
  0.000022102581 
  0.000022102582 
  0.000016606280 
  0.000015871272 
  0.000015871274 
  0.000021337121 
  0.000021337123 
  0.000022104155 
  0.000016604914 
  0.000016604915 
  0.000015873547 
  0.000021337767 
  0.000016606280 
  0.000025346279 
  0.000025346279 
  0.000019113917 
  0.000019113918 
  0.000024592858 
  0.000024592857 
  0.000019859645 
  0.000019859645 
  0.000022814114 
  0.000016583023 
  0.000022047727 
  0.000022640865 
  0.000022640865 
  0.000017315743 
  0.000016409704 
  0.000016409703 
  0.000021875272 
  0.000021875272 
  0.000022814113 
  0.000017143200 
  0.000017143201 
  0.000016583023 
  0.000022047728 
  0.000017315743 
  0.000023695602 
  0.000023695602 
  0.000017470776 
  0.000017470777 
  0.000022890336 
  0.000022890334 
  0.000018164449 
  0.000018164449 
  0.000223354937 
  0.000174943469 
  0.000174943469 
  0.000223354937 
  0.000176593776 
  0.000128255382 
  0.000176606389 
  0.000128288851 
  0.000176606389 
  0.000128288851 
  0.000176593776 
  0.000128255382 
  0.000176426490 
  0.000128078937 
  0.000176475885 
  0.000128129990 
  0.000176475885 
  0.000128129990 
  0.000176426489 
  0.000128078936 
  0.000177897897 
  0.000129556511 
  0.000176674447 
  0.000128272872 
  0.000176674448 
  0.000128272872 
  0.000177897896 
  0.000129556511 
  0.000163104507 
  0.000114947329 
  0.000114947328 
  0.000163104507 
  0.000162029930 
  0.000113725571 
  0.000160750155 
  0.000112488242 
  0.000160750154 
  0.000112488243 
  0.000162029930 
  0.000113725571 
  0.000161844478 
  0.000113520545 
  0.000162605604 
  0.000114313743 
  0.000162605603 
  0.000114313744 
  0.000161844477 
  0.000113520546 
  0.000162508903 
  0.000114276679 
  0.000114276679 
  0.000162508902 
  0.000161936792 
  0.000113616191 
  0.000162215440 
  0.000113882721 
  0.000162215439 
  0.000113882721 
  0.000161936792 
  0.000113616192 
  0.000165848812 
  0.000117517536 
  0.000117517536 
  0.000165848812 
  0.000161851997 
  0.000113555629 
  0.000113555631 
  0.000161851999 
  0.000161546426 
  0.000113199960 
  0.000161521512 
  0.000113211228 
  0.000161521512 
  0.000113211227 
  0.000161546427 
  0.000113199961 
  0.000161116531 
  0.000112787924 
  0.000161126121 
  0.000112775446 
  0.000161126121 
  0.000112775445 
  0.000161116532 
  0.000112787924 
  0.000164337051 
  0.000116062999 
  0.000116062999 
  0.000164337049 
  0.000161830936 
  0.000113493073 
  0.000161654218 
  0.000113323968 
  0.000161654218 
  0.000113323968 
  0.000161830935 
  0.000113493073 
  0.000162686548 
  0.000114367458 
  0.000114367458 
  0.000162686547 
  0.000120783095 
  0.000120783095 
  0.000130421350 
  0.000130421351 
  0.000160428984 
  0.000160428985 
  0.000102193994 
  0.000102193995 
  0.000074028456 
  0.000083703005 
  0.000113697814 
  0.000074045516 
  0.000074045516 
  0.000055499680 
  0.000083730418 
  0.000083730417 
  0.000113716134 
  0.000113716135 
  0.000074028455 
  0.000055528499 
  0.000055528498 
  0.000083703005 
  0.000113697814 
  0.000055499682 
  0.000073868555 
  0.000083538581 
  0.000113518504 
  0.000073917610 
  0.000073917610 
  0.000055315660 
  0.000083588516 
  0.000083588516 
  0.000113569049 
  0.000113569049 
  0.000073868555 
  0.000055367065 
  0.000055367064 
  0.000083538582 
  0.000113518504 
  0.000055315658 
  0.000075321482 
  0.000084994559 
  0.000115011527 
  0.000074100307 
  0.000074100306 
  0.000056811797 
  0.000083743443 
  0.000083743443 
  0.000113755530 
  0.000113755530 
  0.000075321482 
  0.000055525560 
  0.000055525559 
  0.000084994560 
  0.000115011528 
  0.000056811797 
  0.000060584505 
  0.000060584505 
  0.000070349235 
  0.000070349235 
  0.000100253310 
  0.000100253310 
  0.000042146176 
  0.000042146176 
  0.000059473212 
  0.000069164708 
  0.000099142244 
  0.000058216638 
  0.000058216638 
  0.000040961197 
  0.000067929338 
  0.000067929338 
  0.000097860400 
  0.000097860400 
  0.000059473212 
  0.000039700535 
  0.000039700535 
  0.000069164708 
  0.000099142245 
  0.000040961199 
  0.000059276507 
  0.000068958220 
  0.000098958136 
  0.000060048939 
  0.000060048938 
  0.000040767286 
  0.000069746754 
  0.000069746754 
  0.000099724023 
  0.000099724023 
  0.000059276507 
  0.000041549126 
  0.000041549126 
  0.000068958220 
  0.000098958136 
  0.000040767285 
  0.000060008929 
  0.000060008929 
  0.000069736630 
  0.000069736630 
  0.000099600473 
  0.000099600474 
  0.000041455265 
  0.000041455263 
  0.000059382473 
  0.000069065952 
  0.000099038614 
  0.000059655188 
  0.000059655188 
  0.000040849256 
  0.000069332632 
  0.000069332633 
  0.000099317112 
  0.000099317111 
  0.000059382473 
  0.000041121679 
  0.000041121679 
  0.000069065953 
  0.000099038614 
  0.000040849256 
  0.000063280067 
  0.000063280067 
  0.000072958495 
  0.000072958495 
  0.000102959453 
  0.000102959453 
  0.000044764551 
  0.000044764552 
  0.000059289317 
  0.000059289318 
  0.000068984784 
  0.000068984784 
  0.000098974986 
  0.000098974986 
  0.000040797971 
  0.000040797972 
  0.000058976256 
  0.000068646766 
  0.000098651413 
  0.000058955832 
  0.000058955831 
  0.000040449196 
  0.000068644367 
  0.000068644367 
  0.000098640193 
  0.000098640192 
  0.000058976256 
  0.000040456139 
  0.000040456140 
  0.000068646766 
  0.000098651413 
  0.000040449196 
  0.000058548766 
  0.000068228229 
  0.000098228056 
  0.000058547899 
  0.000058547898 
  0.000040034778 
  0.000068216248 
  0.000068216247 
  0.000098237014 
  0.000098237013 
  0.000058548767 
  0.000040032796 
  0.000040032794 
  0.000068228229 
  0.000098228057 
  0.000040034779 
  0.000061788627 
  0.000061788627 
  0.000071495377 
  0.000071495376 
  0.000101456633 
  0.000101456632 
  0.000043290589 
  0.000043290588 
  0.000059260369 
  0.000068935209 
  0.000098940492 
  0.000059085916 
  0.000059085917 
  0.000040742575 
  0.000068764516 
  0.000068764517 
  0.000098765405 
  0.000098765405 
  0.000059260369 
  0.000040571285 
  0.000040571284 
  0.000068935208 
  0.000098940492 
  0.000040742576 
  0.000060117870 
  0.000060117870 
  0.000069802061 
  0.000069802061 
  0.000099803689 
  0.000099803689 
  0.000041615142 
  0.000041615144 
  0.000110749004 
  0.000110749003 
  0.000087815057 
  0.000087815057 
  0.000113367774 
  0.000113367774 
  0.000085118302 
  0.000085118302 
  0.000063994115 
  0.000041096714 
  0.000066636816 
  0.000064013215 
  0.000064013216 
  0.000038423991 
  0.000041126258 
  0.000041126258 
  0.000066653140 
  0.000066653140 
  0.000063994117 
  0.000038450637 
  0.000038450638 
  0.000041096714 
  0.000066636815 
  0.000038423990 
  0.000063824579 
  0.000040922584 
  0.000066467246 
  0.000063874719 
  0.000063874718 
  0.000038249771 
  0.000040973548 
  0.000040973547 
  0.000066516776 
  0.000066516775 
  0.000063824580 
  0.000038300158 
  0.000038300158 
  0.000040922585 
  0.000066467245 
  0.000038249772 
  0.000065305164 
  0.000042406258 
  0.000067932640 
  0.000064061133 
  0.000064061133 
  0.000039718204 
  0.000041132120 
  0.000041132118 
  0.000066699593 
  0.000066699592 
  0.000065305165 
  0.000038455133 
  0.000038455133 
  0.000042406258 
  0.000067932639 
  0.000039718203 
  0.000050547964 
  0.000050547964 
  0.000027741189 
  0.000027741188 
  0.000053194346 
  0.000053194346 
  0.000025072042 
  0.000025072043 
  0.000049435588 
  0.000026555213 
  0.000052084578 
  0.000048166096 
  0.000048166095 
  0.000023888708 
  0.000025306930 
  0.000025306929 
  0.000050815686 
  0.000050815686 
  0.000049435589 
  0.000022641043 
  0.000022641043 
  0.000026555212 
  0.000052084578 
  0.000023888709 
  0.000049248212 
  0.000026358035 
  0.000051891205 
  0.000050020484 
  0.000050020485 
  0.000023685549 
  0.000027146373 
  0.000027146373 
  0.000052657253 
  0.000052657254 
  0.000049248211 
  0.000024467615 
  0.000024467615 
  0.000026358035 
  0.000051891206 
  0.000023685549 
  0.000049931875 
  0.000049931876 
  0.000027087525 
  0.000027087525 
  0.000052582475 
  0.000052582476 
  0.000024422695 
  0.000024422694 
  0.000049342135 
  0.000026453625 
  0.000051983844 
  0.000049618511 
  0.000049618511 
  0.000023779852 
  0.000026723945 
  0.000026723944 
  0.000052258674 
  0.000052258675 
  0.000049342135 
  0.000024048634 
  0.000024048632 
  0.000026453626 
  0.000051983844 
  0.000023779852 
  0.000053265846 
  0.000053265845 
  0.000030372041 
  0.000030372041 
  0.000055878814 
  0.000055878815 
  0.000027669453 
  0.000027669451 
  0.000049259539 
  0.000049259539 
  0.000026383262 
  0.000026383262 
  0.000051909223 
  0.000051909223 
  0.000023717393 
  0.000023717392 
  0.000048940923 
  0.000026039571 
  0.000051591455 
  0.000048925787 
  0.000048925788 
  0.000023374417 
  0.000026042386 
  0.000026042386 
  0.000051574809 
  0.000051574808 
  0.000048940923 
  0.000023376021 
  0.000023376022 
  0.000026039570 
  0.000051591456 
  0.000023374417 
  0.000048522605 
  0.000025630111 
  0.000051158974 
  0.000048526204 
  0.000048526205 
  0.000022950821 
  0.000025622674 
  0.000025622674 
  0.000051163491 
  0.000051163492 
  0.000048522604 
  0.000022944316 
  0.000022944316 
  0.000025630110 
  0.000051158974 
  0.000022950821 
  0.000051750227 
  0.000051750227 
  0.000028884976 
  0.000028884977 
  0.000054399551 
  0.000054399550 
  0.000026218874 
  0.000026218874 
  0.000049234646 
  0.000026337539 
  0.000051871026 
  0.000049059466 
  0.000049059465 
  0.000023658370 
  0.000026166139 
  0.000026166140 
  0.000051696613 
  0.000051696614 
  0.000049234646 
  0.000023487748 
  0.000023487747 
  0.000026337539 
  0.000051871027 
  0.000023658371 
  0.000050114481 
  0.000050114481 
  0.000027226930 
  0.000027226931 
  0.000052712091 
  0.000052712092 
  0.000024508659 
  0.000024508660 
  0.000182304162 
  0.000193602409 
  0.000193602409 
  0.000182304162 
  0.000135556013 
  0.000146901763 
  0.000135577595 
  0.000146926019 
  0.000135577596 
  0.000146926019 
  0.000135556013 
  0.000146901763 
  0.000135403478 
  0.000146710167 
  0.000135452305 
  0.000146761921 
  0.000135452306 
  0.000146761921 
  0.000135403478 
  0.000146710166 
  0.000136837881 
  0.000148224889 
  0.000135619030 
  0.000146936036 
  0.000135619030 
  0.000146936036 
  0.000136837881 
  0.000148224889 
  0.000122157571 
  0.000133502950 
  0.000133502949 
  0.000122157572 
  0.000121009400 
  0.000132354670 
  0.000119775935 
  0.000131070651 
  0.000119775937 
  0.000131070651 
  0.000121009399 
  0.000132354670 
  0.000120801391 
  0.000132171822 
  0.000121585222 
  0.000132942359 
  0.000121585222 
  0.000132942359 
  0.000120801391 
  0.000132171822 
  0.000121601698 
  0.000132791580 
  0.000132791581 
  0.000121601697 
  0.000120920919 
  0.000132240049 
  0.000121187734 
  0.000132518408 
  0.000121187734 
  0.000132518408 
  0.000120920919 
  0.000132240048 
  0.000124804078 
  0.000136169240 
  0.000136169240 
  0.000124804079 
  0.000120819660 
  0.000132198277 
  0.000132198277 
  0.000120819661 
  0.000120499105 
  0.000131856384 
  0.000120483135 
  0.000131858970 
  0.000120483135 
  0.000131858968 
  0.000120499105 
  0.000131856384 
  0.000120074015 
  0.000131439546 
  0.000120062563 
  0.000131447945 
  0.000120062564 
  0.000131447945 
  0.000120074014 
  0.000131439546 
  0.000123333387 
  0.000134676286 
  0.000134676285 
  0.000123333387 
  0.000120782802 
  0.000132150000 
  0.000120610584 
  0.000131976506 
  0.000120610584 
  0.000131976507 
  0.000120782802 
  0.000132150001 
  0.000121642083 
  0.000133020691 
  0.000133020691 
  0.000121642083 
  0.000092447799 
  0.000092447799 
  0.000100525856 
  0.000100525856 
  0.000094395615 
  0.000094395615 
  0.000098486754 
  0.000098486753 
  0.000045699392 
  0.000053801144 
  0.000047671175 
  0.000045723008 
  0.000045723006 
  0.000051786090 
  0.000053826100 
  0.000053826100 
  0.000047691916 
  0.000047691916 
  0.000045699392 
  0.000051808181 
  0.000051808181 
  0.000053801144 
  0.000047671175 
  0.000051786090 
  0.000045537281 
  0.000053619497 
  0.000047508952 
  0.000045587116 
  0.000045587116 
  0.000051604394 
  0.000053670813 
  0.000053670809 
  0.000047558165 
  0.000047558165 
  0.000045537280 
  0.000051655099 
  0.000051655100 
  0.000053619498 
  0.000047508953 
  0.000051604395 
  0.000046999345 
  0.000055121730 
  0.000048955803 
  0.000045757694 
  0.000045757695 
  0.000053091345 
  0.000053845057 
  0.000053845056 
  0.000047725140 
  0.000047725140 
  0.000046999344 
  0.000051825784 
  0.000051825783 
  0.000055121730 
  0.000048955803 
  0.000053091345 
  0.000032298641 
  0.000032298641 
  0.000040400260 
  0.000040400260 
  0.000034274013 
  0.000034274013 
  0.000038388805 
  0.000038388805 
  0.000031149514 
  0.000039250975 
  0.000033127483 
  0.000029903230 
  0.000029903230 
  0.000037242191 
  0.000037979446 
  0.000037979446 
  0.000031881819 
  0.000031881820 
  0.000031149514 
  0.000035971251 
  0.000035971252 
  0.000039250975 
  0.000033127483 
  0.000037242189 
  0.000030950881 
  0.000039064974 
  0.000032922862 
  0.000031734540 
  0.000031734540 
  0.000037050183 
  0.000039841971 
  0.000039841971 
  0.000033700259 
  0.000033700258 
  0.000030950881 
  0.000037820944 
  0.000037820944 
  0.000039064975 
  0.000032922863 
  0.000037050183 
  0.000031702566 
  0.000031702566 
  0.000039726339 
  0.000039726339 
  0.000033682151 
  0.000033682151 
  0.000037719194 
  0.000037719193 
  0.000031058479 
  0.000039146850 
  0.000033029099 
  0.000031328934 
  0.000031328934 
  0.000037130805 
  0.000039423096 
  0.000039423095 
  0.000033298060 
  0.000033298060 
  0.000031058479 
  0.000037405505 
  0.000037405506 
  0.000039146849 
  0.000033029099 
  0.000037130805 
  0.000034967898 
  0.000034967898 
  0.000043079315 
  0.000043079315 
  0.000036909785 
  0.000036909786 
  0.000041034493 
  0.000041034493 
  0.000030967279 
  0.000030967279 
  0.000039085473 
  0.000039085473 
  0.000032946026 
  0.000032946027 
  0.000037077380 
  0.000037077380 
  0.000030641347 
  0.000038748845 
  0.000032620888 
  0.000030630649 
  0.000030630649 
  0.000036741604 
  0.000038747429 
  0.000038747428 
  0.000032608708 
  0.000032608708 
  0.000030641348 
  0.000036738713 
  0.000036738713 
  0.000038748844 
  0.000032620887 
  0.000036741604 
  0.000030225456 
  0.000038337072 
  0.000032190796 
  0.000030218560 
  0.000030218560 
  0.000036315659 
  0.000038340114 
  0.000038340113 
  0.000032184834 
  0.000032184834 
  0.000030225457 
  0.000036319589 
  0.000036319588 
  0.000038337072 
  0.000032190796 
  0.000036315659 
  0.000033472418 
  0.000033472418 
  0.000041572746 
  0.000041572745 
  0.000035450749 
  0.000035450750 
  0.000039564300 
  0.000039564300 
  0.000030934744 
  0.000039047200 
  0.000032900089 
  0.000030761792 
  0.000030761792 
  0.000037025743 
  0.000038873621 
  0.000038873621 
  0.000032727891 
  0.000032727890 
  0.000030934744 
  0.000036852949 
  0.000036852949 
  0.000039047201 
  0.000032900089 
  0.000037025742 
  0.000031816480 
  0.000031816480 
  0.000039934673 
  0.000039934673 
  0.000033742908 
  0.000033742908 
  0.000037874259 
  0.000037874259 
  0.000071220633 
  0.000071158265 
  0.000071158265 
  0.000071220632 
  0.000024472254 
  0.000024457869 
  0.000024497964 
  0.000024477880 
  0.000024497963 
  0.000024477879 
  0.000024472254 
  0.000024457868 
  0.000024300463 
  0.000024285941 
  0.000024351330 
  0.000024335586 
  0.000024351329 
  0.000024335585 
  0.000024300462 
  0.000024285940 
  0.000025790244 
  0.000025745253 
  0.000024525591 
  0.000024502664 
  0.000024525591 
  0.000024502663 
  0.000025790244 
  0.000025745252 
  0.000011069626 
  0.000011062469 
  0.000011062469 
  0.000011069625 
  0.000009919172 
  0.000009917297 
  0.000008659991 
  0.000008659300 
  0.000008659990 
  0.000008659301 
  0.000009919172 
  0.000009917298 
  0.000009729878 
  0.000009715994 
  0.000010513370 
  0.000010486967 
  0.000010513370 
  0.000010486965 
  0.000009729877 
  0.000009715993 
  0.000010432676 
  0.000010434082 
  0.000010434080 
  0.000010432676 
  0.000009825323 
  0.000009808843 
  0.000010099444 
  0.000010079902 
  0.000010099444 
  0.000010079902 
  0.000009825324 
  0.000009808844 
  0.000013760767 
  0.000013686790 
  0.000013686789 
  0.000013760767 
  0.000009744839 
  0.000009744233 
  0.000009744232 
  0.000009744839 
  0.000009413079 
  0.000009414436 
  0.000009407879 
  0.000009406124 
  0.000009407878 
  0.000009406123 
  0.000009413080 
  0.000009414436 
  0.000009006600 
  0.000008979452 
  0.000009004091 
  0.000008978899 
  0.000009004092 
  0.000008978898 
  0.000009006600 
  0.000008979452 
  0.000012241258 
  0.000012240059 
  0.000012240058 
  0.000012241258 
  0.000009716344 
  0.000009689145 
  0.000009542660 
  0.000009517026 
  0.000009542660 
  0.000009517026 
  0.000009716344 
  0.000009689146 
  0.000010620730 
  0.000010515654 
  0.000010515653 
  0.000010620731 
  0.000253540913 
  0.000253540913 
  0.000143361098 
  0.000143429598 
  0.000143429598 
  0.000143361097 
  0.000143161800 
  0.000143312566 
  0.000143312567 
  0.000143161800 
  0.000145939889 
  0.000142179605 
  0.000142179606 
  0.000145939890 
  0.000066553784 
  0.000066553785 
  0.000066645233 
  0.000066645233 
  0.000065378629 
  0.000065524825 
  0.000064165730 
  0.000064220582 
  0.000064220583 
  0.000064165729 
  0.000065524825 
  0.000065378628 
  0.000066487087 
  0.000064025814 
  0.000067309979 
  0.000064757307 
  0.000064757306 
  0.000067309980 
  0.000064025813 
  0.000066487086 
  0.000065866387 
  0.000065866386 
  0.000066067413 
  0.000066067413 
  0.000066553838 
  0.000064147339 
  0.000066926940 
  0.000064319413 
  0.000064319411 
  0.000066926940 
  0.000064147340 
  0.000066553837 
  0.000071764312 
  0.000071764311 
  0.000066750146 
  0.000066750146 
  0.000023089718 
  0.000023158405 
  0.000023158405 
  0.000023089718 
  0.000020938609 
  0.000018467242 
  0.000021034586 
  0.000018471773 
  0.000018471773 
  0.000021034587 
  0.000018467242 
  0.000020938609 
  0.000020377356 
  0.000021977497 
  0.000019169634 
  0.000020678247 
  0.000020678248 
  0.000019169633 
  0.000021977497 
  0.000020377356 
  0.000020450485 
  0.000018033879 
  0.000020573833 
  0.000017956213 
  0.000017956214 
  0.000020573833 
  0.000018033878 
  0.000020450485 
  0.000019468186 
  0.000018287782 
  0.000019009688 
  0.000018532461 
  0.000019264455 
  0.000017783542 
  0.000017251540 
  0.000020591101 
  0.000020591100 
  0.000017251539 
  0.000017783543 
  0.000019264455 
  0.000018532462 
  0.000019009687 
  0.000018287781 
  0.000019468188 
  0.000023008918 
  0.000022056189 
  0.000020524661 
  0.000024586253 
  0.000024586254 
  0.000020524661 
  0.000022056189 
  0.000023008919 
  0.000021625309 
  0.000021776060 
  0.000021776060 
  0.000021625311 
  0.000020221950 
  0.000020867636 
  0.000019068932 
  0.000019513561 
  0.000019513559 
  0.000019068933 
  0.000020867637 
  0.000020221949 
  0.000023341669 
  0.000021379680 
  0.000020884767 
  0.000023937135 
  0.000023937134 
  0.000020884767 
  0.000021379680 
  0.000023341669 
  0.000030984473 
  0.000027223513 
  0.000027223512 
  0.000030984473 
  0.000012951481 
  0.000012951481 
  0.000009824180 
  0.000006048652 
  0.000006048651 
  0.000009824179 
  0.000007593365 
  0.000009924798 
  0.000009924799 
  0.000007593366 
  0.000008360093 
  0.000008360094 
  0.000003325958 
  0.000003325958 
  0.000005708095 
  0.000004745397 
  0.000003463571 
  0.000007535040 
  0.000007535039 
  0.000003463571 
  0.000004745398 
  0.000005708096 
  0.000007579147 
  0.000007579147 
  0.000010687897 
  0.000010687897 
  0.000008558977 
  0.000004783432 
  0.000004783431 
  0.000008558977 
  0.000005485912 
  0.000003513957 
  0.000003746032 
  0.000006808298 
  0.000006808298 
  0.000003746031 
  0.000003513958 
  0.000005485911 
  0.000006935869 
  0.000009035454 
  0.000007231684 
  0.000006222416 
  0.000006222416 
  0.000007231685 
  0.000009035453 
  0.000006935868 
  0.000012908776 
  0.000015240424 
  0.000015240424 
  0.000012908776 
  0.000010420931 
  0.000010420932 
  0.000006926724 
  0.000007744462 
  0.000007744462 
  0.000006926723 
  0.000007955572 
  0.000007955572 
  0.000009045912 
  0.000009045913 
  0.000013507472 
  0.000014325228 
  0.000014325229 
  0.000013507472 
  0.000023582346 
  0.000023582347 
  0.000007665246 
  0.000007665245 
  0.000005425268 
  0.000005404662 
  0.000005404663 
  0.000005425267 
  0.000004998884 
  0.000004994496 
  0.000004994496 
  0.000004998885 
  0.000006342597 
  0.000006342597 
  0.000006315184 
  0.000006315186 
  0.000003799141 
  0.000003782373 
  0.000003612413 
  0.000003623341 
  0.000003623341 
  0.000003612414 
  0.000003782374 
  0.000003799142 
  0.000004658666 
  0.000004658665 
  0.000004652952 
  0.000004652951 
  0.000010417385 
  0.000010396857 
  0.000010396857 
  0.000010417387 
  0.000005756728 
  0.000005397385 
  0.000005741736 
  0.000005409470 
  0.000005409470 
  0.000005741735 
  0.000005397385 
  0.000005756727 
  0.000004499459 
  0.000004150719 
  0.000004489683 
  0.000004146816 
  0.000004146816 
  0.000004489682 
  0.000004150721 
  0.000004499459 
  0.000006645364 
  0.000006640981 
  0.000006640980 
  0.000006645363 
  0.000017649602 
  0.000017649601 
  0.000010872178 
  0.000010353494 
  0.000010353495 
  0.000010872179 
  0.000007497683 
  0.000007497683 
  0.000006806095 
  0.000006806095 
  0.000007526515 
  0.000007007790 
  0.000007007790 
  0.000007526513 
  0.000010959081 
  0.000010959082 
  0.000071518633 
  0.000066590460 
  0.000000000000 
  0.000037625657 
  0.000028678177 
  0.000032064770 
  0.000034107962 
  0.000065032158 
  0.000036002764 
  0.000040827097 
  0.000062955489 
  0.000047900096 
  0.000050570938 
  0.000052366129 
  0.000042786390 
  0.000020957239 
  0.000017497421 
  0.000020930143 
  0.000017485252 
  0.000068296443 
  0.000058584403 
  0.000065751880 
  0.000034682253 
  0.000039345225 
  0.000059431148 
  0.000047110701 
  0.000047746550 
  0.000052377933 
  0.000040781254 
  0.000020934111 
  0.000015446909 
  0.000020181449 
  0.000014700457 
  0.000159973406 
  0.000111601828 
  0.000057393105 
  0.000038861024 
  0.000097075773 
  0.000067051056 
  0.000047361810 
  0.000021782408 
  0.000050011886 
  0.000024447802 
  0.000118905708 
  0.000130278041 
  0.000029052136 
  0.000035159454 
  0.000031031168 
  0.000037167139 
  0.000007828051 
  0.000007828361 
  0.000156645532 
  0.000018986612 
  0.000015534320 
  0.000154195611 
  0.000090190365 
  0.000018606358 
  0.000085131376 
  0.000084563971 
  0.000013111005 
  0.000079767218 
  0.000116881663 
  0.000046731613 
  0.000114704766 
  0.000094040015 
  0.000021156311 
  0.000086367457 
  0.000101257032 
  0.000028084746 
  0.000093005957 
  0.000104075390 
  0.000034206163 
  0.000102461491 
  0.000073499151 
  0.000001960792 
  0.000068531536 
  0.000073452386 
  0.000001953317 
  0.000068563349 
  0.000087348291 
  0.000077505176 
  0.000083765448 
  0.000074184556 
  0.000084085303 
  0.000077698692 
  0.000081942864 
  0.000075688056 
  0.000059048520 
  0.000054320339 
  0.000054159118 
  0.000049561383 
  0.000066958734 
  0.000060563789 
  0.000061779658 
  0.000055515745 
  0.000070570655 
  0.000065873652 
  0.000068709995 
  0.000064144216 
  0.000039963408 
  0.000033663928 
  0.000036425735 
  0.000030257891 
  0.000039190835 
  0.000034391024 
  0.000035692968 
  0.000031023728 
  0.000177586268 
  0.000131955273 
  0.000176888458 
  0.000125762056 
  0.000076522805 
  0.000087550223 
  0.000072783909 
  0.000081065217 
  0.000114549316 
  0.000057705798 
  0.000114130492 
  0.000054537511 
  0.000065672080 
  0.000044128734 
  0.000063575959 
  0.000039284357 
  0.000068302797 
  0.000041443400 
  0.000066245375 
  0.000036638781 
  0.000139551925 
  0.000147613593 
  0.000132772523 
  0.000147471070 
  0.000048877216 
  0.000055337095 
  0.000043744059 
  0.000053521945 
  0.000050836867 
  0.000053309537 
  0.000045742485 
  0.000051534139 
  0.000026834449 
  0.000026795486 
  0.000023342574 
  0.000023382136 
  0.000148447821 
  0.000137076897 
  0.000115858236 
  0.000104495655 
  0.000088615388 
  0.000080567855 
  0.000097225375 
  0.000085845347 
  0.000101628364 
  0.000093644066 
  0.000070986808 
  0.000059798092 
  0.000069497684 
  0.000061307318 
  0.000179404023 
  0.000129369741 
  0.000172265028 
  0.000125546162 
  0.000076826252 
  0.000085666269 
  0.000069684794 
  0.000080155826 
  0.000115668228 
  0.000056608609 
  0.000110198025 
  0.000052823067 
  0.000066752927 
  0.000042999798 
  0.000059686121 
  0.000037606262 
  0.000068650056 
  0.000039596967 
  0.000063097893 
  0.000035687090 
  0.000138336357 
  0.000148000281 
  0.000131202553 
  0.000144262768 
  0.000048447994 
  0.000055702941 
  0.000041374340 
  0.000050339145 
  0.000049675984 
  0.000052955961 
  0.000044113216 
  0.000049079510 
  0.000027157165 
  0.000025666999 
  0.000020207578 
  0.000021715810 
  0.000338370765 
  0.000272761959 
  0.000153591398 
  0.000175700075 
  0.000226098573 
  0.000112435114 
  0.000159273223 
  0.000116224547 
  0.000164580412 
  0.000110900474 
  0.000129497884 
  0.000208007603 
  0.000176998095 
  0.000119732676 
  0.000057032828 
  0.000098703193 
  0.000069346279 
  0.000043155808 
  0.000061663481 
  0.000099359026 
  0.000068673322 
  0.000038484110 
  0.000051894810 
  0.000057210239 
  0.000031649552 
  0.000026333872 
  0.000272928645 
  0.000287810691 
  0.000118886571 
  0.000134245890 
  0.000122838340 
  0.000130224537 
  0.000033925665 
  0.000037899102 
  0.000044034837 
  0.000040034625 
  0.000017594201 
  0.000017632747 
  0.000273440811 
  0.000279403674 
  0.000175349929 
  0.000172703745 
  0.000169658052 
  0.000167405220 
  0.000201329444 
  0.000203006641 
  0.000179844241 
  0.000173277435 
  0.000187204967 
  0.000179770426 
  0.000188383295 
  0.000190904940 
  0.000158635883 
  0.000156126802 
  0.000158569497 
  0.000156178221 
  0.000139945546 
  0.000125306608 
  0.000134756284 
  0.000129971434 
  0.000135967659 
  0.000133659273 
  0.000129515215 
  0.000127470397 
  0.000112293957 
  0.000104491219 
  0.000107500615 
  0.000099958799 
  0.000120348304 
  0.000111966498 
  0.000113887908 
  0.000105768147 
  0.000122312609 
  0.000120567770 
  0.000117550079 
  0.000116067658 
  0.000092538130 
  0.000087439155 
  0.000086172861 
  0.000081337207 
  0.000091745639 
  0.000086726279 
  0.000086880586 
  0.000082122416 
  0.000228751550 
  0.000175436990 
  0.000229332458 
  0.000185847159 
  0.000129197632 
  0.000123696291 
  0.000141587458 
  0.000130593647 
  0.000165575576 
  0.000166714466 
  0.000110096381 
  0.000105736220 
  0.000117531294 
  0.000115315522 
  0.000097351654 
  0.000089639030 
  0.000120142674 
  0.000118004276 
  0.000094646290 
  0.000087013399 
  0.000193735815 
  0.000200193721 
  0.000182153242 
  0.000198502195 
  0.000102243884 
  0.000093953823 
  0.000107056336 
  0.000105402508 
  0.000104184143 
  0.000095971680 
  0.000105008925 
  0.000103434571 
  0.000079386195 
  0.000074457747 
  0.000074378911 
  0.000079308065 
  0.000167532088 
  0.000155964550 
  0.000163884388 
  0.000152710187 
  0.000134224389 
  0.000122730046 
  0.000132016475 
  0.000120785714 
  0.000108351306 
  0.000100173273 
  0.000103396876 
  0.000095479943 
  0.000117105937 
  0.000105594942 
  0.000111861804 
  0.000100612818 
  0.000119853656 
  0.000111738167 
  0.000117927828 
  0.000110074746 
  0.000090048781 
  0.000078728459 
  0.000086445697 
  0.000075388669 
  0.000088539474 
  0.000080218578 
  0.000084976753 
  0.000076916989 
  0.000197049919 
  0.000149755611 
  0.000196286031 
  0.000143497603 
  0.000189844731 
  0.000145867095 
  0.000189213293 
  0.000139738938 
  0.000095988807 
  0.000092184224 
  0.000088781524 
  0.000106197970 
  0.000133174664 
  0.000085108597 
  0.000099647888 
  0.000132690050 
  0.000100622368 
  0.000127638517 
  0.000075485930 
  0.000094202695 
  0.000127285784 
  0.000072252514 
  0.000071635128 
  0.000068532272 
  0.000085096182 
  0.000082934064 
  0.000077963259 
  0.000062713385 
  0.000086973711 
  0.000075933447 
  0.000057803671 
  0.000084850818 
  0.000057254377 
  0.000081355935 
  0.000059290407 
  0.000052475650 
  0.000079364303 
  0.000054420915 
  0.000055315539 
  0.000050576014 
  0.000159015196 
  0.000165368559 
  0.000152170506 
  0.000165160537 
  0.000151815973 
  0.000161565416 
  0.000145102270 
  0.000161488700 
  0.000068305886 
  0.000063107089 
  0.000061166456 
  0.000073905763 
  0.000069514215 
  0.000056099216 
  0.000072024877 
  0.000064354740 
  0.000068476113 
  0.000063886223 
  0.000071138635 
  0.000066726974 
  0.000058857217 
  0.000069298036 
  0.000067196845 
  0.000065486925 
  0.000046196532 
  0.000044666550 
  0.000042638663 
  0.000041188318 
  0.000039180841 
  0.000040650393 
  0.000035755206 
  0.000037302186 
  0.000355294356 
  0.000293795736 
  0.000355978561 
  0.000286237563 
  0.000172033807 
  0.000196881293 
  0.000169673133 
  0.000189028587 
  0.000242884088 
  0.000131962940 
  0.000243844760 
  0.000127424971 
  0.000176895630 
  0.000136588162 
  0.000176178706 
  0.000130374627 
  0.000182183787 
  0.000131243856 
  0.000181504941 
  0.000125070769 
  0.000149458868 
  0.000224656311 
  0.000144053589 
  0.000225890917 
  0.000198327704 
  0.000137753468 
  0.000190177883 
  0.000136236995 
  0.000076172147 
  0.000072414059 
  0.000089855300 
  0.000116186585 
  0.000080783670 
  0.000083350561 
  0.000115748061 
  0.000077063800 
  0.000062010708 
  0.000089162717 
  0.000116822812 
  0.000058822176 
  0.000082697289 
  0.000116423480 
  0.000057318829 
  0.000054170639 
  0.000070214877 
  0.000075491619 
  0.000068099198 
  0.000073453282 
  0.000051340577 
  0.000045985066 
  0.000046475901 
  0.000041200067 
  0.000294407955 
  0.000304324003 
  0.000285958481 
  0.000305829736 
  0.000139542394 
  0.000151591575 
  0.000132743811 
  0.000151428832 
  0.000143474998 
  0.000147550051 
  0.000136714670 
  0.000147427595 
  0.000053760556 
  0.000057695209 
  0.000048607756 
  0.000052619975 
  0.000062214866 
  0.000058174904 
  0.000060379565 
  0.000056419098 
  0.000036610485 
  0.000036590287 
  0.000033098672 
  0.000033196127 
  0.000258449085 
  0.000249257084 
  0.000196428209 
  0.000182581896 
  0.000168344554 
  0.000159470019 
  0.000177806305 
  0.000163933879 
  0.000181335134 
  0.000172555313 
  0.000151496440 
  0.000137910468 
  0.000149279557 
  0.000140191201 
  0.000229923068 
  0.000171847656 
  0.000216924107 
  0.000178216915 
  0.000127350473 
  0.000114346600 
  0.000135367806 
  0.000125625672 
  0.000165341795 
  0.000155680013 
  0.000105432336 
  0.000099139570 
  0.000117225787 
  0.000104370996 
  0.000092628709 
  0.000083120138 
  0.000118378728 
  0.000108553235 
  0.000088497157 
  0.000081955962 
  0.000188860588 
  0.000190599270 
  0.000175872149 
  0.000196796002 
  0.000098928223 
  0.000086059725 
  0.000105313050 
  0.000095863902 
  0.000099413913 
  0.000089567283 
  0.000101835476 
  0.000095361046 
  0.000077561262 
  0.000067974520 
  0.000064940674 
  0.000074598097 
  0.000358208134 
  0.000290105094 
  0.000350258013 
  0.000287127758 
  0.000173428214 
  0.000193901000 
  0.000165481812 
  0.000189216591 
  0.000245108125 
  0.000129754957 
  0.000238806211 
  0.000126822231 
  0.000179078544 
  0.000134351696 
  0.000171185708 
  0.000129805239 
  0.000183625075 
  0.000128297893 
  0.000177262354 
  0.000125219639 
  0.000149329155 
  0.000226157318 
  0.000141396599 
  0.000221567415 
  0.000196024681 
  0.000137023860 
  0.000189696759 
  0.000134145792 
  0.000076839802 
  0.000068946364 
  0.000088327502 
  0.000117663579 
  0.000080711621 
  0.000082080597 
  0.000111453174 
  0.000074344561 
  0.000061263519 
  0.000086911234 
  0.000117572340 
  0.000056753358 
  0.000082159782 
  0.000112864783 
  0.000055860266 
  0.000052821913 
  0.000071645598 
  0.000075455080 
  0.000063855096 
  0.000070693967 
  0.000050553411 
  0.000043762781 
  0.000044451751 
  0.000040628579 
  0.000292749206 
  0.000305068338 
  0.000284840701 
  0.000302254707 
  0.000138690062 
  0.000152329191 
  0.000130806220 
  0.000147865219 
  0.000141884890 
  0.000147574440 
  0.000135523649 
  0.000144585957 
  0.000053680266 
  0.000056151498 
  0.000045884745 
  0.000051377951 
  0.000062923440 
  0.000057444565 
  0.000056849689 
  0.000054345603 
  0.000037267895 
  0.000035070622 
  0.000029624747 
  0.000031925440 
  0.000580591791 
  0.000506085119 
  0.000315318470 
  0.000355464032 
  0.000419926251 
  0.000256346905 
  0.000336340348 
  0.000278716098 
  0.000344304335 
  0.000270732818 
  0.000207382994 
  0.000177760118 
  0.000305190646 
  0.000351556088 
  0.000151903702 
  0.000179323380 
  0.000226392669 
  0.000118064006 
  0.000159185543 
  0.000175997900 
  0.000229711553 
  0.000110727644 
  0.000162472137 
  0.000114128021 
  0.000124760990 
  0.000173101875 
  0.000263503913 
  0.000379129387 
  0.000351471474 
  0.000263359372 
  0.000128154085 
  0.000210638987 
  0.000178303811 
  0.000125037327 
  0.000134751403 
  0.000209287053 
  0.000179609556 
  0.000118345950 
  0.000060575032 
  0.000069851678 
  0.000075551347 
  0.000074220705 
  0.000104233707 
  0.000105560551 
  0.000051360935 
  0.000042032634 
  0.000060323012 
  0.000068334375 
  0.000042753834 
  0.000034818293 
  0.000490639805 
  0.000506419021 
  0.000271930084 
  0.000292792060 
  0.000277840321 
  0.000286743695 
  0.000122773203 
  0.000134092940 
  0.000142120612 
  0.000130691994 
  0.000042697705 
  0.000048696201 
  0.000054801655 
  0.000048839265 
  0.000031251486 
  0.000031374216 
