           1
        0.0000000000        0.0000000000        1.4234424276
        0.0000000000        2.3290325123        0.0000000000
        0.0000000000       -2.3290325123        0.0000000000
        0.0000000000        0.0000000000       -1.4234424276
           2
        0.0000000000        0.0000000000        1.4136956005
        0.0000000000        2.3192856852        0.0000000000
        0.0000000000       -2.3192856852        0.0000000000
        0.0000000000        0.0000000000       -1.4136956005
           3
        0.0000000000        0.0000000000        1.4123216308
        0.0000000000        2.3245929058        0.0000000000
        0.0000000000       -2.3245929058        0.0000000000
        0.0000000000        0.0000000000       -1.4123216308
           4
        0.0000000000        0.0000000000        1.4161324599
        0.0000000000        2.3217225446        0.0000000000
        0.0000000000       -2.3217225446        0.0000000000
        0.0000000000        0.0000000000       -1.4161324599
           5
        0.0000000000        0.0000000000        1.4199397986
        0.0000000000        2.3188486930        0.0000000000
        0.0000000000       -2.3188486930        0.0000000000
        0.0000000000        0.0000000000       -1.4199397986
           6
        0.0000000000        0.0000000000        1.4109452686
        0.0000000000        2.3298977340        0.0000000000
        0.0000000000       -2.3298977340        0.0000000000
        0.0000000000        0.0000000000       -1.4109452686
           7
        0.0000000000        0.0000000000        1.4147589862
        0.0000000000        2.3270302612        0.0000000000
        0.0000000000       -2.3270302612        0.0000000000
        0.0000000000        0.0000000000       -1.4147589862
           8
        0.0000000000        0.0080620963        1.4185532116
        0.0000000000        2.3241609827        0.0049273972
        0.0000000000       -2.3241609827       -0.0049273972
        0.0000000000       -0.0080620963       -1.4185532116
           9
       -0.0035464429        0.0000000000        1.4185653267
        0.0035464429        2.3241554114        0.0000000000
        0.0035464429       -2.3241554114        0.0000000000
       -0.0035464429        0.0000000000       -1.4185653267
          10
        0.0000000000        0.0000000000        1.4094824054
        0.0000000000        2.3241407686        0.0090682785
        0.0000000000       -2.3241407686        0.0090682785
        0.0000000000        0.0000000000       -1.4276189623
          11
        0.0000000000        0.0055347976        1.4185666452
        0.0000000000        2.3186219323        0.0000000000
        0.0000000000       -2.3296915276        0.0000000000
        0.0000000000        0.0055347976       -1.4185666452
          12
        0.0000000000        0.0000000000        1.4185692172
        0.0000000000        2.3241593019        0.0000000000
        0.0000000000       -2.3241593019        0.0000000000
        0.0000000000        0.0000000000       -1.4185692172
          13
        0.0000000000       -0.0055347976        1.4185666452
        0.0000000000        2.3296915276        0.0000000000
        0.0000000000       -2.3186219323        0.0000000000
        0.0000000000       -0.0055347976       -1.4185666452
          14
        0.0000000000        0.0000000000        1.4276189623
        0.0000000000        2.3241407686       -0.0090682785
        0.0000000000       -2.3241407686       -0.0090682785
        0.0000000000        0.0000000000       -1.4094824054
          15
        0.0035464429        0.0000000000        1.4185653267
       -0.0035464429        2.3241554114        0.0000000000
       -0.0035464429       -2.3241554114        0.0000000000
        0.0035464429        0.0000000000       -1.4185653267
          16
        0.0000000000       -0.0080620963        1.4185532116
        0.0000000000        2.3241609827       -0.0049273972
        0.0000000000       -2.3241609827        0.0049273972
        0.0000000000        0.0080620963       -1.4185532116
          17
        0.0000000000        0.0000000000        1.4223759624
        0.0000000000        2.3212848568        0.0000000000
        0.0000000000       -2.3212848568        0.0000000000
        0.0000000000        0.0000000000       -1.4223759624
          18
        0.0000000000        0.0000000000        1.4261792224
        0.0000000000        2.3184069265        0.0000000000
        0.0000000000       -2.3184069265        0.0000000000
        0.0000000000        0.0000000000       -1.4261792224
          19
        0.0000000000        0.0000000000        1.4095665227
        0.0000000000        2.3352001783        0.0000000000
        0.0000000000       -2.3352001783        0.0000000000
        0.0000000000        0.0000000000       -1.4095665227
          20
        0.0000000000        0.0000000000        1.4133831221
        0.0000000000        2.3323355874        0.0000000000
        0.0000000000       -2.3323355874        0.0000000000
        0.0000000000        0.0000000000       -1.4133831221
          21
        0.0000000000        0.0080621105        1.4171802024
        0.0000000000        2.3294691979        0.0049274088
        0.0000000000       -2.3294691979       -0.0049274088
        0.0000000000       -0.0080621105       -1.4171802024
          22
       -0.0035430104        0.0000000000        1.4171923602
        0.0035430104        2.3294636353        0.0000000000
        0.0035430104       -2.3294636353        0.0000000000
       -0.0035430104        0.0000000000       -1.4171923602
          23
        0.0000000000        0.0000000000        1.4080878126
        0.0000000000        2.3294488818        0.0090897941
        0.0000000000       -2.3294488818        0.0090897941
        0.0000000000        0.0000000000       -1.4262674009
          24
        0.0000000000        0.0055299294        1.4171936863
        0.0000000000        2.3239350319        0.0000000000
        0.0000000000       -2.3349948907        0.0000000000
        0.0000000000        0.0055299294       -1.4171936863
          25
        0.0000000000        0.0000000000        1.4171962386
        0.0000000000        2.3294675136        0.0000000000
        0.0000000000       -2.3294675136        0.0000000000
        0.0000000000        0.0000000000       -1.4171962386
          26
        0.0000000000       -0.0055299294        1.4171936863
        0.0000000000        2.3349948907        0.0000000000
        0.0000000000       -2.3239350319        0.0000000000
        0.0000000000       -0.0055299294       -1.4171936863
          27
        0.0000000000        0.0000000000        1.4262674009
        0.0000000000        2.3294488818       -0.0090897941
        0.0000000000       -2.3294488818       -0.0090897941
        0.0000000000        0.0000000000       -1.4080878126
          28
        0.0035430104        0.0000000000        1.4171923602
       -0.0035430104        2.3294636353        0.0000000000
       -0.0035430104       -2.3294636353        0.0000000000
        0.0035430104        0.0000000000       -1.4171923602
          29
        0.0000000000       -0.0080621105        1.4171802024
        0.0000000000        2.3294691979       -0.0049274088
        0.0000000000       -2.3294691979        0.0049274088
        0.0000000000        0.0080621105       -1.4171802024
          30
        0.0000000000        0.0080620954        1.4209898979
        0.0000000000        2.3265976352        0.0049273962
        0.0000000000       -2.3265976352       -0.0049273962
        0.0000000000       -0.0080620954       -1.4209898979
          31
        0.0000000000        0.0067919833        1.4164647723
        0.0000000000        2.3238232186        0.0069912964
        0.0000000000       -2.3293590164        0.0020724287
        0.0000000000       -0.0012561855       -1.4255284974
          32
        0.0000000000        0.0012701703        1.4164647297
        0.0000000000        2.3293590026        0.0069998234
        0.0000000000       -2.3238232143        0.0020639075
        0.0000000000       -0.0068059586       -1.4255284607
          33
        0.0000000000        0.0068059586        1.4255284607
        0.0000000000        2.3238232143       -0.0020639075
        0.0000000000       -2.3293590026       -0.0069998234
        0.0000000000       -0.0012701703       -1.4164647297
          34
        0.0000000000        0.0012561855        1.4255284974
        0.0000000000        2.3293590164       -0.0020724287
        0.0000000000       -2.3238232186       -0.0069912964
        0.0000000000       -0.0067919833       -1.4164647723
          35
       -0.0035525345        0.0000000000        1.4210019741
        0.0035525345        2.3265920588        0.0000000000
        0.0035525345       -2.3265920588        0.0000000000
       -0.0035525345        0.0000000000       -1.4210019741
          36
        0.0000000000        0.0000000000        1.4119235242
        0.0000000000        2.3265774727        0.0090638638
        0.0000000000       -2.3265774727        0.0090638638
        0.0000000000        0.0000000000       -1.4300512517
          37
        0.0000000000        0.0055358023        1.4210033008
        0.0000000000        2.3210575833        0.0000000000
        0.0000000000       -2.3321291878        0.0000000000
        0.0000000000        0.0055358023       -1.4210033008
          38
        0.0000000000        0.0000000000        1.4210058730
        0.0000000000        2.3265959577        0.0000000000
        0.0000000000       -2.3265959577        0.0000000000
        0.0000000000        0.0000000000       -1.4210058730
          39
        0.0000000000       -0.0055358023        1.4210033008
        0.0000000000        2.3321291878        0.0000000000
        0.0000000000       -2.3210575833        0.0000000000
        0.0000000000       -0.0055358023       -1.4210033008
          40
        0.0000000000        0.0000000000        1.4300512517
        0.0000000000        2.3265774727       -0.0090638638
        0.0000000000       -2.3265774727       -0.0090638638
        0.0000000000        0.0000000000       -1.4119235242
          41
        0.0035525345        0.0000000000        1.4210019741
       -0.0035525345        2.3265920588        0.0000000000
       -0.0035525345       -2.3265920588        0.0000000000
        0.0035525345        0.0000000000       -1.4210019741
          42
        0.0000000000       -0.0012701703        1.4164647297
        0.0000000000        2.3238232143        0.0020639075
        0.0000000000       -2.3293590026        0.0069998234
        0.0000000000        0.0068059586       -1.4255284607
          43
        0.0000000000       -0.0067919833        1.4164647723
        0.0000000000        2.3293590164        0.0020724287
        0.0000000000       -2.3238232186        0.0069912964
        0.0000000000        0.0012561855       -1.4255284974
          44
        0.0000000000       -0.0012561855        1.4255284974
        0.0000000000        2.3238232186       -0.0069912964
        0.0000000000       -2.3293590164       -0.0020724287
        0.0000000000        0.0067919833       -1.4164647723
          45
        0.0000000000       -0.0068059586        1.4255284607
        0.0000000000        2.3293590026       -0.0069998234
        0.0000000000       -2.3238232143       -0.0020639075
        0.0000000000        0.0012701703       -1.4164647297
          46
        0.0000000000       -0.0080620954        1.4209898979
        0.0000000000        2.3265976352       -0.0049273962
        0.0000000000       -2.3265976352        0.0049273962
        0.0000000000        0.0080620954       -1.4209898979
          47
        0.0000000000        0.0080621027        1.4247961116
        0.0000000000        2.3237225910        0.0049274021
        0.0000000000       -2.3237225910       -0.0049274021
        0.0000000000       -0.0080621027       -1.4247961116
          48
       -0.0035620500        0.0000000000        1.4248081066
        0.0035620500        2.3237170010        0.0000000000
        0.0035620500       -2.3237170010        0.0000000000
       -0.0035620500        0.0000000000       -1.4248081066
          49
        0.0000000000        0.0000000000        1.4157555807
        0.0000000000        2.3237025808        0.0090381057
        0.0000000000       -2.3237025808        0.0090381057
        0.0000000000        0.0000000000       -1.4338317922
          50
        0.0000000000        0.0055417050        1.4248094339
        0.0000000000        2.3181766233        0.0000000000
        0.0000000000       -2.3292600334        0.0000000000
        0.0000000000        0.0055417050       -1.4248094339
          51
        0.0000000000        0.0000000000        1.4248120261
        0.0000000000        2.3237209205        0.0000000000
        0.0000000000       -2.3237209205        0.0000000000
        0.0000000000        0.0000000000       -1.4248120261
          52
        0.0000000000       -0.0055417050        1.4248094339
        0.0000000000        2.3292600334        0.0000000000
        0.0000000000       -2.3181766233        0.0000000000
        0.0000000000       -0.0055417050       -1.4248094339
          53
        0.0000000000        0.0000000000        1.4338317922
        0.0000000000        2.3237025808       -0.0090381057
        0.0000000000       -2.3237025808       -0.0090381057
        0.0000000000        0.0000000000       -1.4157555807
          54
        0.0035620500        0.0000000000        1.4248081066
       -0.0035620500        2.3237170010        0.0000000000
       -0.0035620500       -2.3237170010        0.0000000000
        0.0035620500        0.0000000000       -1.4248081066
          55
        0.0000000000       -0.0080621027        1.4247961116
        0.0000000000        2.3237225910       -0.0049274021
        0.0000000000       -2.3237225910        0.0049274021
        0.0000000000        0.0080621027       -1.4247961116
          56
        0.0000000000        0.0000000000        1.4286146987
        0.0000000000        2.3208424028        0.0000000000
        0.0000000000       -2.3208424028        0.0000000000
        0.0000000000        0.0000000000       -1.4286146987
          57
        0.0000000000        0.0000000000        1.4324138914
        0.0000000000        2.3179604051        0.0000000000
        0.0000000000       -2.3179604051        0.0000000000
        0.0000000000        0.0000000000       -1.4324138914
          58
        0.0000000000        0.0000000000        1.4081854015
        0.0000000000        2.3405002474        0.0000000000
        0.0000000000       -2.3405002474        0.0000000000
        0.0000000000        0.0000000000       -1.4081854015
          59
        0.0000000000        0.0000000000        1.4120048759
        0.0000000000        2.3376385315        0.0000000000
        0.0000000000       -2.3376385315        0.0000000000
        0.0000000000        0.0000000000       -1.4120048759
          60
        0.0000000000        0.0080621400        1.4158048044
        0.0000000000        2.3347750244        0.0049274328
        0.0000000000       -2.3347750244       -0.0049274328
        0.0000000000       -0.0080621400       -1.4158048044
          61
       -0.0035395720        0.0000000000        1.4158170050
        0.0035395720        2.3347694704        0.0000000000
        0.0035395720       -2.3347694704        0.0000000000
       -0.0035395720        0.0000000000       -1.4158170050
          62
        0.0000000000        0.0000000000        1.4066907656
        0.0000000000        2.3347546058        0.0091113749
        0.0000000000       -2.3347546058        0.0091113749
        0.0000000000        0.0000000000       -1.4249135153
          63
        0.0000000000        0.0055250937        1.4158183385
        0.0000000000        2.3292457101        0.0000000000
        0.0000000000       -2.3402958975        0.0000000000
        0.0000000000        0.0055250937       -1.4158183385
          64
        0.0000000000        0.0000000000        1.4158208712
        0.0000000000        2.3347733365        0.0000000000
        0.0000000000       -2.3347733365        0.0000000000
        0.0000000000        0.0000000000       -1.4158208712
          65
        0.0000000000       -0.0055250937        1.4158183385
        0.0000000000        2.3402958975        0.0000000000
        0.0000000000       -2.3292457101        0.0000000000
        0.0000000000       -0.0055250937       -1.4158183385
          66
        0.0000000000        0.0000000000        1.4249135153
        0.0000000000        2.3347546058       -0.0091113749
        0.0000000000       -2.3347546058       -0.0091113749
        0.0000000000        0.0000000000       -1.4066907656
          67
        0.0035395720        0.0000000000        1.4158170050
       -0.0035395720        2.3347694704        0.0000000000
       -0.0035395720       -2.3347694704        0.0000000000
        0.0035395720        0.0000000000       -1.4158170050
          68
        0.0000000000       -0.0080621400        1.4158048044
        0.0000000000        2.3347750244       -0.0049274328
        0.0000000000       -2.3347750244        0.0049274328
        0.0000000000        0.0080621400       -1.4158048044
          69
        0.0000000000        0.0080621064        1.4196173827
        0.0000000000        2.3319063443        0.0049274052
        0.0000000000       -2.3319063443       -0.0049274052
        0.0000000000       -0.0080621064       -1.4196173827
          70
        0.0000000000        0.0067895547        1.4150815329
        0.0000000000        2.3291343276        0.0070020698
        0.0000000000       -2.3346652808        0.0020831102
        0.0000000000       -0.0012586015       -1.4241667129
          71
        0.0000000000        0.0012726327        1.4150814764
        0.0000000000        2.3346652444        0.0070105276
        0.0000000000       -2.3291343462        0.0020746859
        0.0000000000       -0.0068035310       -1.4241666899
          72
        0.0000000000        0.0068035310        1.4241666899
        0.0000000000        2.3291343462       -0.0020746859
        0.0000000000       -2.3346652444       -0.0070105276
        0.0000000000       -0.0012726327       -1.4150814764
          73
        0.0000000000        0.0012586015        1.4241667129
        0.0000000000        2.3346652808       -0.0020831102
        0.0000000000       -2.3291343276       -0.0070020698
        0.0000000000       -0.0067895547       -1.4150815329
          74
       -0.0035491033        0.0000000000        1.4196295015
        0.0035491033        2.3319007765        0.0000000000
        0.0035491033       -2.3319007765        0.0000000000
       -0.0035491033        0.0000000000       -1.4196295015
          75
        0.0000000000        0.0000000000        1.4105294716
        0.0000000000        2.3318860800        0.0090853334
        0.0000000000       -2.3318860800        0.0090853334
        0.0000000000        0.0000000000       -1.4287001385
          76
        0.0000000000        0.0055309346        1.4196308357
        0.0000000000        2.3263711761        0.0000000000
        0.0000000000       -2.3374330454        0.0000000000
        0.0000000000        0.0055309346       -1.4196308357
          77
        0.0000000000        0.0000000000        1.4196333882
        0.0000000000        2.3319046632        0.0000000000
        0.0000000000       -2.3319046632        0.0000000000
        0.0000000000        0.0000000000       -1.4196333882
          78
        0.0000000000       -0.0055309346        1.4196308357
        0.0000000000        2.3374330454        0.0000000000
        0.0000000000       -2.3263711761        0.0000000000
        0.0000000000       -0.0055309346       -1.4196308357
          79
        0.0000000000        0.0000000000        1.4287001385
        0.0000000000        2.3318860800       -0.0090853334
        0.0000000000       -2.3318860800       -0.0090853334
        0.0000000000        0.0000000000       -1.4105294716
          80
        0.0035491033        0.0000000000        1.4196295015
       -0.0035491033        2.3319007765        0.0000000000
       -0.0035491033       -2.3319007765        0.0000000000
        0.0035491033        0.0000000000       -1.4196295015
          81
        0.0000000000       -0.0012726327        1.4150814764
        0.0000000000        2.3291343462        0.0020746859
        0.0000000000       -2.3346652444        0.0070105276
        0.0000000000        0.0068035310       -1.4241666899
          82
        0.0000000000       -0.0067895547        1.4150815329
        0.0000000000        2.3346652808        0.0020831102
        0.0000000000       -2.3291343276        0.0070020698
        0.0000000000        0.0012586015       -1.4241667129
          83
        0.0000000000       -0.0012586015        1.4241667129
        0.0000000000        2.3291343276       -0.0070020698
        0.0000000000       -2.3346652808       -0.0020831102
        0.0000000000        0.0067895547       -1.4150815329
          84
        0.0000000000       -0.0068035310        1.4241666899
        0.0000000000        2.3346652444       -0.0070105276
        0.0000000000       -2.3291343462       -0.0020746859
        0.0000000000        0.0012726327       -1.4150814764
          85
        0.0000000000       -0.0080621064        1.4196173827
        0.0000000000        2.3319063443       -0.0049274052
        0.0000000000       -2.3319063443        0.0049274052
        0.0000000000        0.0080621064       -1.4196173827
          86
        0.0000000000        0.0161240335        1.4233786498
        0.0000000000        2.3290392079        0.0098550482
        0.0000000000       -2.3290392079       -0.0098550482
        0.0000000000       -0.0161240335       -1.4233786498
          87
       -0.0035585355        0.0080621202        1.4234225756
        0.0035585355        2.3290302793        0.0049274164
        0.0035585355       -2.3290302793       -0.0049274164
       -0.0035585355       -0.0080621202       -1.4234225756
          88
        0.0000000000        0.0080622145        1.4143485007
        0.0000000000        2.3290157477        0.0139870368
        0.0000000000       -2.3290157499        0.0041320509
        0.0000000000       -0.0080622123       -1.4324675884
          89
        0.0000000000        0.0135988989        1.4234239106
        0.0000000000        2.3234948269        0.0049274093
        0.0000000000       -2.3345684014       -0.0049274095
        0.0000000000       -0.0025253244       -1.4234239104
          90
        0.0000000000        0.0080620951        1.4234264829
        0.0000000000        2.3290341865        0.0049273958
        0.0000000000       -2.3290341865       -0.0049273958
        0.0000000000       -0.0080620951       -1.4234264829
          91
        0.0000000000        0.0025253244        1.4234239104
        0.0000000000        2.3345684014        0.0049274095
        0.0000000000       -2.3234948269       -0.0049274093
        0.0000000000       -0.0135988989       -1.4234239106
          92
        0.0000000000        0.0080622123        1.4324675884
        0.0000000000        2.3290157499       -0.0041320509
        0.0000000000       -2.3290157477       -0.0139870368
        0.0000000000       -0.0080622145       -1.4143485007
          93
        0.0035585355        0.0080621202        1.4234225756
       -0.0035585355        2.3290302793        0.0049274164
       -0.0035585355       -2.3290302793       -0.0049274164
        0.0035585355       -0.0080621202       -1.4234225756
          94
       -0.0017792149        0.0067925006        1.4189025625
        0.0017792153        2.3262583063        0.0069891039
        0.0017792157       -2.3317951067        0.0020702356
       -0.0017792162       -0.0012557002       -1.4279619019
          95
       -0.0017792150        0.0012696543        1.4189025229
        0.0017792158        2.3317950975        0.0069976322
        0.0017792154       -2.3262582974        0.0020617074
       -0.0017792162       -0.0068064544       -1.4279618625
          96
       -0.0017792162        0.0068064544        1.4279618625
        0.0017792154        2.3262582974       -0.0020617074
        0.0017792158       -2.3317950975       -0.0069976322
       -0.0017792150       -0.0012696543       -1.4189025229
          97
       -0.0017792162        0.0012557002        1.4279619019
        0.0017792157        2.3317951067       -0.0020702356
        0.0017792153       -2.3262583063       -0.0069891039
       -0.0017792149       -0.0067925006       -1.4189025625
          98
        0.0000000000        0.0067924953        1.4189035440
        0.0000000000        2.3262592852        0.0069890966
        0.0000000000       -2.3317960813        0.0020702334
        0.0000000000       -0.0012556992       -1.4279628739
          99
        0.0000000000        0.0012696533        1.4189035044
        0.0000000000        2.3317960721        0.0069976249
        0.0000000000       -2.3262592763        0.0020617052
        0.0000000000       -0.0068064491       -1.4279628345
         100
        0.0000000000        0.0068064491        1.4279628345
        0.0000000000        2.3262592763       -0.0020617052
        0.0000000000       -2.3317960721       -0.0069976249
        0.0000000000       -0.0012696533       -1.4189035044
         101
        0.0000000000        0.0012556992        1.4279628739
        0.0000000000        2.3317960813       -0.0020702334
        0.0000000000       -2.3262592852       -0.0069890966
        0.0000000000       -0.0067924953       -1.4189035440
         102
        0.0017792149        0.0067925006        1.4189025625
       -0.0017792153        2.3262583063        0.0069891039
       -0.0017792157       -2.3317951067        0.0020702356
        0.0017792162       -0.0012557002       -1.4279619019
         103
        0.0017792150        0.0012696543        1.4189025229
       -0.0017792158        2.3317950975        0.0069976322
       -0.0017792154       -2.3262582974        0.0020617074
        0.0017792162       -0.0068064544       -1.4279618625
         104
        0.0017792162        0.0068064544        1.4279618625
       -0.0017792154        2.3262582974       -0.0020617074
       -0.0017792158       -2.3317950975       -0.0069976322
        0.0017792150       -0.0012696543       -1.4189025229
         105
        0.0017792162        0.0012557002        1.4279619019
       -0.0017792157        2.3317951067       -0.0020702356
       -0.0017792153       -2.3262583063       -0.0069891039
        0.0017792149       -0.0067925006       -1.4189025625
         106
       -0.0071173712        0.0000000000        1.4234267977
        0.0071173712        2.3290168824        0.0000000000
        0.0071173712       -2.3290168824        0.0000000000
       -0.0071173712        0.0000000000       -1.4234267977
         107
       -0.0035579946        0.0000000000        1.4143605814
        0.0035580033        2.3290101691        0.0090595030
        0.0035580033       -2.3290101691        0.0090595030
       -0.0035580121        0.0000000000       -1.4324795874
         108
       -0.0035586195        0.0055368224        1.4234359479
        0.0035586195        2.3234892101        0.0000000000
        0.0035586195       -2.3345628550        0.0000000000
       -0.0035586195        0.0055368224       -1.4234359479
         109
       -0.0035586260        0.0000000000        1.4234385203
        0.0035586260        2.3290286050        0.0000000000
        0.0035586260       -2.3290286050        0.0000000000
       -0.0035586260        0.0000000000       -1.4234385203
         110
       -0.0035586195       -0.0055368224        1.4234359479
        0.0035586195        2.3345628550        0.0000000000
        0.0035586195       -2.3234892101        0.0000000000
       -0.0035586195       -0.0055368224       -1.4234359479
         111
       -0.0035580121        0.0000000000        1.4324795874
        0.0035580033        2.3290101691       -0.0090595030
        0.0035580033       -2.3290101691       -0.0090595030
       -0.0035579946        0.0000000000       -1.4143605814
         112
        0.0000000000        0.0000000000        1.4052486654
        0.0000000000        2.3289587519        0.0181200019
        0.0000000000       -2.3289587519        0.0181200019
        0.0000000000        0.0000000000       -1.4414886691
         113
        0.0000000000        0.0055089121        1.4143620368
        0.0000000000        2.3234746832        0.0090423251
        0.0000000000       -2.3345483234        0.0090764379
        0.0000000000        0.0055647282       -1.4324807999
         114
        0.0000000000        0.0000000000        1.4143645254
        0.0000000000        2.3290140753        0.0090594652
        0.0000000000       -2.3290140753        0.0090594652
        0.0000000000        0.0000000000       -1.4324834558
         115
        0.0000000000       -0.0055089121        1.4143620368
        0.0000000000        2.3345483234        0.0090764379
        0.0000000000       -2.3234746832        0.0090423251
        0.0000000000       -0.0055647282       -1.4324807999
         116
        0.0000000000        0.0110736785        1.4234321377
        0.0000000000        2.3179485440        0.0000000000
        0.0000000000       -2.3400959009        0.0000000000
        0.0000000000        0.0110736785       -1.4234321377
         117
        0.0000000000        0.0055368052        1.4234398553
        0.0000000000        2.3234931347        0.0000000000
        0.0000000000       -2.3345667452        0.0000000000
        0.0000000000        0.0055368052       -1.4234398553
         118
        0.0000000000       -0.0055368052        1.4234398553
        0.0000000000        2.3345667452        0.0000000000
        0.0000000000       -2.3234931347        0.0000000000
        0.0000000000       -0.0055368052       -1.4234398553
         119
        0.0000000000       -0.0110736785        1.4234321377
        0.0000000000        2.3400959009        0.0000000000
        0.0000000000       -2.3179485440        0.0000000000
        0.0000000000       -0.0110736785       -1.4234321377
         120
        0.0000000000        0.0055647282        1.4324807999
        0.0000000000        2.3234746832       -0.0090423251
        0.0000000000       -2.3345483234       -0.0090764379
        0.0000000000        0.0055089121       -1.4143620368
         121
        0.0000000000        0.0000000000        1.4324834558
        0.0000000000        2.3290140753       -0.0090594652
        0.0000000000       -2.3290140753       -0.0090594652
        0.0000000000        0.0000000000       -1.4143645254
         122
        0.0000000000       -0.0055647282        1.4324807999
        0.0000000000        2.3345483234       -0.0090764379
        0.0000000000       -2.3234746832       -0.0090423251
        0.0000000000       -0.0055089121       -1.4143620368
         123
        0.0000000000        0.0000000000        1.4414886691
        0.0000000000        2.3289587519       -0.0181200019
        0.0000000000       -2.3289587519       -0.0181200019
        0.0000000000        0.0000000000       -1.4052486654
         124
        0.0035579946        0.0000000000        1.4143605814
       -0.0035580033        2.3290101691        0.0090595030
       -0.0035580033       -2.3290101691        0.0090595030
        0.0035580121        0.0000000000       -1.4324795874
         125
        0.0035586195        0.0055368224        1.4234359479
       -0.0035586195        2.3234892101        0.0000000000
       -0.0035586195       -2.3345628550        0.0000000000
        0.0035586195        0.0055368224       -1.4234359479
         126
        0.0035586260        0.0000000000        1.4234385203
       -0.0035586260        2.3290286050        0.0000000000
       -0.0035586260       -2.3290286050        0.0000000000
        0.0035586260        0.0000000000       -1.4234385203
         127
        0.0035586195       -0.0055368224        1.4234359479
       -0.0035586195        2.3345628550        0.0000000000
       -0.0035586195       -2.3234892101        0.0000000000
        0.0035586195       -0.0055368224       -1.4234359479
         128
        0.0035580121        0.0000000000        1.4324795874
       -0.0035580033        2.3290101691       -0.0090595030
       -0.0035580033       -2.3290101691       -0.0090595030
        0.0035579946        0.0000000000       -1.4143605814
         129
        0.0071173712        0.0000000000        1.4234267977
       -0.0071173712        2.3290168824        0.0000000000
       -0.0071173712       -2.3290168824        0.0000000000
        0.0071173712        0.0000000000       -1.4234267977
         130
       -0.0017792150       -0.0012696543        1.4189025229
        0.0017792154        2.3262582974        0.0020617074
        0.0017792158       -2.3317950975        0.0069976322
       -0.0017792162        0.0068064544       -1.4279618625
         131
       -0.0017792149       -0.0067925006        1.4189025625
        0.0017792157        2.3317951067        0.0020702356
        0.0017792153       -2.3262583063        0.0069891039
       -0.0017792162        0.0012557002       -1.4279619019
         132
       -0.0017792162       -0.0012557002        1.4279619019
        0.0017792153        2.3262583063       -0.0069891039
        0.0017792157       -2.3317951067       -0.0020702356
       -0.0017792149        0.0067925006       -1.4189025625
         133
       -0.0017792162       -0.0068064544        1.4279618625
        0.0017792158        2.3317950975       -0.0069976322
        0.0017792154       -2.3262582974       -0.0020617074
       -0.0017792150        0.0012696543       -1.4189025229
         134
        0.0000000000       -0.0012696533        1.4189035044
        0.0000000000        2.3262592763        0.0020617052
        0.0000000000       -2.3317960721        0.0069976249
        0.0000000000        0.0068064491       -1.4279628345
         135
        0.0000000000       -0.0067924953        1.4189035440
        0.0000000000        2.3317960813        0.0020702334
        0.0000000000       -2.3262592852        0.0069890966
        0.0000000000        0.0012556992       -1.4279628739
         136
        0.0000000000       -0.0012556992        1.4279628739
        0.0000000000        2.3262592852       -0.0069890966
        0.0000000000       -2.3317960813       -0.0020702334
        0.0000000000        0.0067924953       -1.4189035440
         137
        0.0000000000       -0.0068064491        1.4279628345
        0.0000000000        2.3317960721       -0.0069976249
        0.0000000000       -2.3262592763       -0.0020617052
        0.0000000000        0.0012696533       -1.4189035044
         138
        0.0017792150       -0.0012696543        1.4189025229
       -0.0017792154        2.3262582974        0.0020617074
       -0.0017792158       -2.3317950975        0.0069976322
        0.0017792162        0.0068064544       -1.4279618625
         139
        0.0017792149       -0.0067925006        1.4189025625
       -0.0017792157        2.3317951067        0.0020702356
       -0.0017792153       -2.3262583063        0.0069891039
        0.0017792162        0.0012557002       -1.4279619019
         140
        0.0017792162       -0.0012557002        1.4279619019
       -0.0017792153        2.3262583063       -0.0069891039
       -0.0017792157       -2.3317951067       -0.0020702356
        0.0017792149        0.0067925006       -1.4189025625
         141
        0.0017792162       -0.0068064544        1.4279618625
       -0.0017792158        2.3317950975       -0.0069976322
       -0.0017792154       -2.3262582974       -0.0020617074
        0.0017792150        0.0012696543       -1.4189025229
         142
       -0.0035585355       -0.0080621202        1.4234225756
        0.0035585355        2.3290302793       -0.0049274164
        0.0035585355       -2.3290302793        0.0049274164
       -0.0035585355        0.0080621202       -1.4234225756
         143
        0.0000000000       -0.0080622145        1.4143485007
        0.0000000000        2.3290157499        0.0041320509
        0.0000000000       -2.3290157477        0.0139870368
        0.0000000000        0.0080622123       -1.4324675884
         144
        0.0000000000       -0.0025253244        1.4234239104
        0.0000000000        2.3234948269       -0.0049274093
        0.0000000000       -2.3345684014        0.0049274095
        0.0000000000        0.0135988989       -1.4234239106
         145
        0.0000000000       -0.0080620951        1.4234264829
        0.0000000000        2.3290341865       -0.0049273958
        0.0000000000       -2.3290341865        0.0049273958
        0.0000000000        0.0080620951       -1.4234264829
         146
        0.0000000000       -0.0135988989        1.4234239106
        0.0000000000        2.3345684014       -0.0049274095
        0.0000000000       -2.3234948269        0.0049274093
        0.0000000000        0.0025253244       -1.4234239104
         147
        0.0000000000       -0.0080622123        1.4324675884
        0.0000000000        2.3290157477       -0.0139870368
        0.0000000000       -2.3290157499       -0.0041320509
        0.0000000000        0.0080622145       -1.4143485007
         148
        0.0035585355       -0.0080621202        1.4234225756
       -0.0035585355        2.3290302793       -0.0049274164
       -0.0035585355       -2.3290302793        0.0049274164
        0.0035585355        0.0080621202       -1.4234225756
         149
        0.0000000000       -0.0161240335        1.4233786498
        0.0000000000        2.3290392079       -0.0098550482
        0.0000000000       -2.3290392079        0.0098550482
        0.0000000000        0.0161240335       -1.4233786498
         150
        0.0000000000        0.0080621062        1.4272321058
        0.0000000000        2.3261585518        0.0049274048
        0.0000000000       -2.3261585518       -0.0049274048
        0.0000000000       -0.0080621062       -1.4272321058
         151
        0.0000000000        0.0067954622        1.4227219919
        0.0000000000        2.3233807505        0.0069762185
        0.0000000000       -2.3289234195        0.0020574330
        0.0000000000       -0.0012527932       -1.4317556435
         152
        0.0000000000        0.0012666700        1.4227219693
        0.0000000000        2.3289234375        0.0069848170
        0.0000000000       -2.3233807143        0.0020488013
        0.0000000000       -0.0068093932       -1.4317555876
         153
        0.0000000000        0.0068093932        1.4317555876
        0.0000000000        2.3233807143       -0.0020488013
        0.0000000000       -2.3289234375       -0.0069848170
        0.0000000000       -0.0012666700       -1.4227219693
         154
        0.0000000000        0.0012527932        1.4317556435
        0.0000000000        2.3289234195       -0.0020574330
        0.0000000000       -2.3233807505       -0.0069762185
        0.0000000000       -0.0067954622       -1.4227219919
         155
       -0.0035681399        0.0000000000        1.4272440622
        0.0035681399        2.3261529566        0.0000000000
        0.0035681399       -2.3261529566        0.0000000000
       -0.0035681399        0.0000000000       -1.4272440622
         156
        0.0000000000        0.0000000000        1.4181959294
        0.0000000000        2.3261385923        0.0090337686
        0.0000000000       -2.3261385923        0.0090337686
        0.0000000000        0.0000000000       -1.4362634665
         157
        0.0000000000        0.0055427057        1.4272453979
        0.0000000000        2.3206115866        0.0000000000
        0.0000000000       -2.3316969979        0.0000000000
        0.0000000000        0.0055427057       -1.4272453979
         158
        0.0000000000        0.0000000000        1.4272479902
        0.0000000000        2.3261568846        0.0000000000
        0.0000000000       -2.3261568846        0.0000000000
        0.0000000000        0.0000000000       -1.4272479902
         159
        0.0000000000       -0.0055427057        1.4272453979
        0.0000000000        2.3316969979        0.0000000000
        0.0000000000       -2.3206115866        0.0000000000
        0.0000000000       -0.0055427057       -1.4272453979
         160
        0.0000000000        0.0000000000        1.4362634665
        0.0000000000        2.3261385923       -0.0090337686
        0.0000000000       -2.3261385923       -0.0090337686
        0.0000000000        0.0000000000       -1.4181959294
         161
        0.0035681399        0.0000000000        1.4272440622
       -0.0035681399        2.3261529566        0.0000000000
       -0.0035681399       -2.3261529566        0.0000000000
        0.0035681399        0.0000000000       -1.4272440622
         162
        0.0000000000       -0.0012666700        1.4227219693
        0.0000000000        2.3233807143        0.0020488013
        0.0000000000       -2.3289234375        0.0069848170
        0.0000000000        0.0068093932       -1.4317555876
         163
        0.0000000000       -0.0067954622        1.4227219919
        0.0000000000        2.3289234195        0.0020574330
        0.0000000000       -2.3233807505        0.0069762185
        0.0000000000        0.0012527932       -1.4317556435
         164
        0.0000000000       -0.0012527932        1.4317556435
        0.0000000000        2.3233807505       -0.0069762185
        0.0000000000       -2.3289234195       -0.0020574330
        0.0000000000        0.0067954622       -1.4227219919
         165
        0.0000000000       -0.0068093932        1.4317555876
        0.0000000000        2.3289234375       -0.0069848170
        0.0000000000       -2.3233807143       -0.0020488013
        0.0000000000        0.0012666700       -1.4227219693
         166
        0.0000000000       -0.0080621062        1.4272321058
        0.0000000000        2.3261585518       -0.0049274048
        0.0000000000       -2.3261585518        0.0049274048
        0.0000000000        0.0080621062       -1.4272321058
         167
        0.0000000000        0.0080621395        1.4310342522
        0.0000000000        2.3232794410        0.0049274321
        0.0000000000       -2.3232794410       -0.0049274321
        0.0000000000       -0.0080621395       -1.4310342522
         168
       -0.0035776451        0.0000000000        1.4310461280
        0.0035776451        2.3232738321        0.0000000000
        0.0035776451       -2.3232738321        0.0000000000
       -0.0035776451        0.0000000000       -1.4310461280
         169
        0.0000000000        0.0000000000        1.4220236859
        0.0000000000        2.3232596319        0.0090082420
        0.0000000000       -2.3232596319        0.0090082420
        0.0000000000        0.0000000000       -1.4400401698
         170
        0.0000000000        0.0055486361        1.4310474642
        0.0000000000        2.3177265322        0.0000000000
        0.0000000000       -2.3288238044        0.0000000000
        0.0000000000        0.0055486361       -1.4310474642
         171
        0.0000000000        0.0000000000        1.4310500767
        0.0000000000        2.3232777808        0.0000000000
        0.0000000000       -2.3232777808        0.0000000000
        0.0000000000        0.0000000000       -1.4310500767
         172
        0.0000000000       -0.0055486361        1.4310474642
        0.0000000000        2.3288238044        0.0000000000
        0.0000000000       -2.3177265322        0.0000000000
        0.0000000000       -0.0055486361       -1.4310474642
         173
        0.0000000000        0.0000000000        1.4400401698
        0.0000000000        2.3232596319       -0.0090082420
        0.0000000000       -2.3232596319       -0.0090082420
        0.0000000000        0.0000000000       -1.4220236859
         174
        0.0035776451        0.0000000000        1.4310461280
       -0.0035776451        2.3232738321        0.0000000000
       -0.0035776451       -2.3232738321        0.0000000000
        0.0035776451        0.0000000000       -1.4310461280
         175
        0.0000000000       -0.0080621395        1.4310342522
        0.0000000000        2.3232794410       -0.0049274321
        0.0000000000       -2.3232794410        0.0049274321
        0.0000000000        0.0080621395       -1.4310342522
         176
        0.0000000000        0.0000000000        1.4348486879
        0.0000000000        2.3203952016        0.0000000000
        0.0000000000       -2.3203952016        0.0000000000
        0.0000000000        0.0000000000       -1.4348486879
         177
        0.0000000000        0.0000000000        1.4386438244
        0.0000000000        2.3175091479        0.0000000000
        0.0000000000       -2.3175091479        0.0000000000
        0.0000000000        0.0000000000       -1.4386438244
         178
        0.0000000000        0.0000000000        1.4144431237
        0.0000000000        2.3400767793        0.0000000000
        0.0000000000       -2.3400767793        0.0000000000
        0.0000000000        0.0000000000       -1.4144431237
         179
        0.0000000000        0.0000000000        1.4182585165
        0.0000000000        2.3372109819        0.0000000000
        0.0000000000       -2.3372109819        0.0000000000
        0.0000000000        0.0000000000       -1.4182585165
         180
        0.0000000000        0.0080621029        1.4220544605
        0.0000000000        2.3343433883        0.0049274022
        0.0000000000       -2.3343433883       -0.0049274022
        0.0000000000       -0.0080621029       -1.4220544605
         181
       -0.0035551960        0.0000000000        1.4220665403
        0.0035551960        2.3343378154        0.0000000000
        0.0035551960       -2.3343378154        0.0000000000
       -0.0035551960        0.0000000000       -1.4220665403
         182
        0.0000000000        0.0000000000        1.4129710117
        0.0000000000        2.3343231758        0.0090808890
        0.0000000000       -2.3343231758        0.0090808890
        0.0000000000        0.0000000000       -1.4311327898
         183
        0.0000000000        0.0055319382        1.4220678828
        0.0000000000        2.3288072196        0.0000000000
        0.0000000000       -2.3398710961        0.0000000000
        0.0000000000        0.0055319382       -1.4220678828
         184
        0.0000000000        0.0000000000        1.4220704355
        0.0000000000        2.3343417105        0.0000000000
        0.0000000000       -2.3343417105        0.0000000000
        0.0000000000        0.0000000000       -1.4220704355
         185
        0.0000000000       -0.0055319382        1.4220678828
        0.0000000000        2.3398710961        0.0000000000
        0.0000000000       -2.3288072196        0.0000000000
        0.0000000000       -0.0055319382       -1.4220678828
         186
        0.0000000000        0.0000000000        1.4311327898
        0.0000000000        2.3343231758       -0.0090808890
        0.0000000000       -2.3343231758       -0.0090808890
        0.0000000000        0.0000000000       -1.4129710117
         187
        0.0035551960        0.0000000000        1.4220665403
       -0.0035551960        2.3343378154        0.0000000000
       -0.0035551960       -2.3343378154        0.0000000000
        0.0035551960        0.0000000000       -1.4220665403
         188
        0.0000000000       -0.0080621029        1.4220544605
        0.0000000000        2.3343433883       -0.0049274022
        0.0000000000       -2.3343433883        0.0049274022
        0.0000000000        0.0080621029       -1.4220544605
         189
        0.0000000000        0.0080620955        1.4258629670
        0.0000000000        2.3314706370        0.0049273959
        0.0000000000       -2.3314706370       -0.0049273959
        0.0000000000       -0.0080620955       -1.4258629670
         190
        0.0000000000        0.0067930067        1.4213422068
        0.0000000000        2.3286952517        0.0069869051
        0.0000000000       -2.3342330445        0.0020680458
        0.0000000000       -0.0012552140       -1.4303971576
         191
        0.0000000000        0.0012691374        1.4213421701
        0.0000000000        2.3342330400        0.0069954346
        0.0000000000       -2.3286952382        0.0020595107
        0.0000000000       -0.0068069392       -1.4303971154
         192
        0.0000000000        0.0068069392        1.4303971154
        0.0000000000        2.3286952382       -0.0020595107
        0.0000000000       -2.3342330400       -0.0069954346
        0.0000000000       -0.0012691374       -1.4213421701
         193
        0.0000000000        0.0012552140        1.4303971576
        0.0000000000        2.3342330445       -0.0020680458
        0.0000000000       -2.3286952517       -0.0069869051
        0.0000000000       -0.0067930067       -1.4213422068
         194
       -0.0035647171        0.0000000000        1.4258749656
        0.0035647171        2.3314650503        0.0000000000
        0.0035647171       -2.3314650503        0.0000000000
       -0.0035647171        0.0000000000       -1.4258749656
         195
        0.0000000000        0.0000000000        1.4168054096
        0.0000000000        2.3314505769        0.0090550826
        0.0000000000       -2.3314505769        0.0090550826
        0.0000000000        0.0000000000       -1.4349155748
         196
        0.0000000000        0.0055378065        1.4258763089
        0.0000000000        2.3259285871        0.0000000000
        0.0000000000       -2.3370042001        0.0000000000
        0.0000000000        0.0055378065       -1.4258763089
         197
        0.0000000000        0.0000000000        1.4258788814
        0.0000000000        2.3314689661        0.0000000000
        0.0000000000       -2.3314689661        0.0000000000
        0.0000000000        0.0000000000       -1.4258788814
         198
        0.0000000000       -0.0055378065        1.4258763089
        0.0000000000        2.3370042001        0.0000000000
        0.0000000000       -2.3259285871        0.0000000000
        0.0000000000       -0.0055378065       -1.4258763089
         199
        0.0000000000        0.0000000000        1.4349155748
        0.0000000000        2.3314505769       -0.0090550826
        0.0000000000       -2.3314505769       -0.0090550826
        0.0000000000        0.0000000000       -1.4168054096
         200
        0.0035647171        0.0000000000        1.4258749656
       -0.0035647171        2.3314650503        0.0000000000
       -0.0035647171       -2.3314650503        0.0000000000
        0.0035647171        0.0000000000       -1.4258749656
         201
        0.0000000000       -0.0012691374        1.4213421701
        0.0000000000        2.3286952382        0.0020595107
        0.0000000000       -2.3342330400        0.0069954346
        0.0000000000        0.0068069392       -1.4303971154
         202
        0.0000000000       -0.0067930067        1.4213422068
        0.0000000000        2.3342330445        0.0020680458
        0.0000000000       -2.3286952517        0.0069869051
        0.0000000000        0.0012552140       -1.4303971576
         203
        0.0000000000       -0.0012552140        1.4303971576
        0.0000000000        2.3286952517       -0.0069869051
        0.0000000000       -2.3342330445       -0.0020680458
        0.0000000000        0.0067930067       -1.4213422068
         204
        0.0000000000       -0.0068069392        1.4303971154
        0.0000000000        2.3342330400       -0.0069954346
        0.0000000000       -2.3286952382       -0.0020595107
        0.0000000000        0.0012691374       -1.4213421701
         205
        0.0000000000       -0.0080620955        1.4258629670
        0.0000000000        2.3314706370       -0.0049273959
        0.0000000000       -2.3314706370        0.0049273959
        0.0000000000        0.0080620955       -1.4258629670
         206
        0.0000000000        0.0080621104        1.4296680006
        0.0000000000        2.3285944133        0.0049274080
        0.0000000000       -2.3285944133       -0.0049274080
        0.0000000000       -0.0080621104       -1.4296680006
         207
       -0.0035742296        0.0000000000        1.4296799185
        0.0035742296        2.3285888129        0.0000000000
        0.0035742296       -2.3285888129        0.0000000000
       -0.0035742296        0.0000000000       -1.4296799185
         208
        0.0000000000        0.0000000000        1.4206361628
        0.0000000000        2.3285745043        0.0090294471
        0.0000000000       -2.3285745043        0.0090294471
        0.0000000000        0.0000000000       -1.4386950570
         209
        0.0000000000        0.0055437046        1.4296812625
        0.0000000000        2.3230464522        0.0000000000
        0.0000000000       -2.3341338615        0.0000000000
        0.0000000000        0.0055437046       -1.4296812625
         210
        0.0000000000        0.0000000000        1.4296838550
        0.0000000000        2.3285927494        0.0000000000
        0.0000000000       -2.3285927494        0.0000000000
        0.0000000000        0.0000000000       -1.4296838550
         211
        0.0000000000       -0.0055437046        1.4296812625
        0.0000000000        2.3341338615        0.0000000000
        0.0000000000       -2.3230464522        0.0000000000
        0.0000000000       -0.0055437046       -1.4296812625
         212
        0.0000000000        0.0000000000        1.4386950570
        0.0000000000        2.3285745043       -0.0090294471
        0.0000000000       -2.3285745043       -0.0090294471
        0.0000000000        0.0000000000       -1.4206361628
         213
        0.0035742296        0.0000000000        1.4296799185
       -0.0035742296        2.3285888129        0.0000000000
       -0.0035742296       -2.3285888129        0.0000000000
        0.0035742296        0.0000000000       -1.4296799185
         214
        0.0000000000       -0.0080621104        1.4296680006
        0.0000000000        2.3285944133       -0.0049274080
        0.0000000000       -2.3285944133        0.0049274080
        0.0000000000        0.0080621104       -1.4296680006
         215
        0.0000000000        0.0000000000        1.4334853569
        0.0000000000        2.3257130610        0.0000000000
        0.0000000000       -2.3257130610        0.0000000000
        0.0000000000        0.0000000000       -1.4334853569
         216
        0.0000000000        0.0000000000        1.4372833880
        0.0000000000        2.3228299018        0.0000000000
        0.0000000000       -2.3228299018        0.0000000000
        0.0000000000        0.0000000000       -1.4372833880
         217
        0.0000000000        0.0000000000        1.4206960584
        0.0000000000        2.3396485237        0.0000000000
        0.0000000000       -2.3396485237        0.0000000000
        0.0000000000        0.0000000000       -1.4206960584
         218
        0.0000000000        0.0000000000        1.4245073809
        0.0000000000        2.3367786559        0.0000000000
        0.0000000000       -2.3367786559        0.0000000000
        0.0000000000        0.0000000000       -1.4245073809
         219
        0.0000000000        0.0080620965        1.4282993505
        0.0000000000        2.3339069871        0.0049273966
        0.0000000000       -2.3339069871       -0.0049273966
        0.0000000000       -0.0080620965       -1.4282993505
         220
       -0.0035708080        0.0000000000        1.4283113106
        0.0035708080        2.3339013953        0.0000000000
        0.0035708080       -2.3339013953        0.0000000000
       -0.0035708080        0.0000000000       -1.4283113106
         221
        0.0000000000        0.0000000000        1.4192461772
        0.0000000000        2.3338869779        0.0090507160
        0.0000000000       -2.3338869779        0.0090507160
        0.0000000000        0.0000000000       -1.4373476091
         222
        0.0000000000        0.0055388062        1.4283126621
        0.0000000000        2.3283639406        0.0000000000
        0.0000000000       -2.3394415530        0.0000000000
        0.0000000000        0.0055388062       -1.4283126621
         223
        0.0000000000        0.0000000000        1.4283152348
        0.0000000000        2.3339053195        0.0000000000
        0.0000000000       -2.3339053195        0.0000000000
        0.0000000000        0.0000000000       -1.4283152348
         224
        0.0000000000       -0.0055388062        1.4283126621
        0.0000000000        2.3394415530        0.0000000000
        0.0000000000       -2.3283639406        0.0000000000
        0.0000000000       -0.0055388062       -1.4283126621
         225
        0.0000000000        0.0000000000        1.4373476091
        0.0000000000        2.3338869779       -0.0090507160
        0.0000000000       -2.3338869779       -0.0090507160
        0.0000000000        0.0000000000       -1.4192461772
         226
        0.0035708080        0.0000000000        1.4283113106
       -0.0035708080        2.3339013953        0.0000000000
       -0.0035708080       -2.3339013953        0.0000000000
        0.0035708080        0.0000000000       -1.4283113106
         227
        0.0000000000       -0.0080620965        1.4282993505
        0.0000000000        2.3339069871       -0.0049273966
        0.0000000000       -2.3339069871        0.0049273966
        0.0000000000        0.0080620965       -1.4282993505
         228
        0.0000000000        0.0000000000        1.4321196208
        0.0000000000        2.3310285152        0.0000000000
        0.0000000000       -2.3310285152        0.0000000000
        0.0000000000        0.0000000000       -1.4321196208
         229
        0.0000000000        0.0000000000        1.4359205397
        0.0000000000        2.3281482438        0.0000000000
        0.0000000000       -2.3281482438        0.0000000000
        0.0000000000        0.0000000000       -1.4359205397
         230
        0.0000000000        0.0000000000        1.4269442247
        0.0000000000        2.3392154997        0.0000000000
        0.0000000000       -2.3392154997        0.0000000000
        0.0000000000        0.0000000000       -1.4269442247
         231
        0.0000000000        0.0000000000        1.4307514881
        0.0000000000        2.3363415728        0.0000000000
        0.0000000000       -2.3363415728        0.0000000000
        0.0000000000        0.0000000000       -1.4307514881
         232
        0.0000000000        0.0000000000        1.4345552881
        0.0000000000        2.3334641825        0.0000000000
        0.0000000000       -2.3334641825        0.0000000000
        0.0000000000        0.0000000000       -1.4345552881
         233
        0.0000000000        0.0000000000        1.4331876417
        0.0000000000        2.3387777264        0.0000000000
        0.0000000000       -2.3387777264        0.0000000000
        0.0000000000        0.0000000000       -1.4331876417
