-152.101866740154
-152.101815592208
-152.101838263166
-152.101854672127
-152.101851532842
-152.101831852595
-152.101863754605
-152.101832259667
-152.101875014407
-152.101854511706
-152.101821634444
-152.101876095483
-152.101821634496
-152.101854511703
-152.101875014403
-152.101832259670
-152.101869090313
-152.101842947690
-152.101796733324
-152.101844009152
-152.101828480995
-152.101870597049
-152.101850574762
-152.101817954958
-152.101871710602
-152.101817954969
-152.101850574747
-152.101870597044
-152.101828480990
-152.101836863671
-152.101850133130
-152.101850851927
-152.101850851930
-152.101850133137
-152.101878963305
-152.101858899429
-152.101826155626
-152.101880054653
-152.101826155636
-152.101858899425
-152.101878963305
-152.101850851926
-152.101850133143
-152.101850133136
-152.101850851915
-152.101836863659
-152.101826101035
-152.101868183356
-152.101848075021
-152.101815209917
-152.101869251999
-152.101815209909
-152.101848075032
-152.101868183351
-152.101826101031
-152.101839506748
-152.101791017065
-152.101733275407
-152.101795806222
-152.101796120183
-152.101837603974
-152.101818056202
-152.101785691574
-152.101838748989
-152.101785691606
-152.101818056191
-152.101837603990
-152.101796120192
-152.101819731480
-152.101832841022
-152.101833551973
-152.101833551968
-152.101832841013
-152.101861199237
-152.101841612015
-152.101809122990
-152.101862322807
-152.101809122991
-152.101841612030
-152.101861199235
-152.101833551968
-152.101832841023
-152.101832841010
-152.101833551974
-152.101819731487
-152.101696463833
-152.101823086991
-152.101803441476
-152.101770826174
-152.101824187714
-152.101770826178
-152.101803441478
-152.101823086989
-152.101836952084
-152.101837663534
-152.101837663535
-152.101836952061
-152.101837227290
-152.101837938748
-152.101837938747
-152.101837227271
-152.101836952073
-152.101837663536
-152.101837663533
-152.101836952072
-152.101862332951
-152.101844908494
-152.101812297714
-152.101865638544
-152.101812297723
-152.101844908518
-152.101783780504
-152.101792656118
-152.101846009081
-152.101792656111
-152.101653343294
-152.101813398352
-152.101813398354
-152.101653343294
-152.101792656119
-152.101846009071
-152.101792656116
-152.101783780511
-152.101844908501
-152.101812297718
-152.101865638545
-152.101812297726
-152.101844908511
-152.101862332956
-152.101837663539
-152.101836952062
-152.101836952068
-152.101837663546
-152.101837938739
-152.101837227275
-152.101837227273
-152.101837938740
-152.101837663531
-152.101836952061
-152.101836952066
-152.101837663538
-152.101823086993
-152.101803441477
-152.101770826171
-152.101824187714
-152.101770826176
-152.101803441474
-152.101823086983
-152.101696463831
-152.101809695059
-152.101822663104
-152.101823375055
-152.101823375053
-152.101822663124
-152.101851128009
-152.101831453580
-152.101798723785
-152.101852207206
-152.101798723796
-152.101831453581
-152.101851128007
-152.101823375048
-152.101822663107
-152.101822663116
-152.101823375068
-152.101809695058
-152.101776453535
-152.101817867570
-152.101798145518
-152.101765299209
-152.101818923862
-152.101765299205
-152.101798145539
-152.101817867561
-152.101776453541
-152.101767083885
-152.101696875365
-152.101777578872
-152.101816263183
-152.101793821851
-152.101834647536
-152.101815491018
-152.101783132473
-152.101835781085
-152.101783132482
-152.101815491018
-152.101834647537
-152.101793821849
-152.101794420460
-152.101807232498
-152.101807936727
-152.101807936726
-152.101807232511
-152.101835228714
-152.101816029327
-152.101783551347
-152.101836340560
-152.101783551355
-152.101816029318
-152.101835228708
-152.101807936720
-152.101807232515
-152.101807232499
-152.101807936729
-152.101794420463
-152.101776263890
-152.101817053673
-152.101797808796
-152.101765213941
-152.101818143395
-152.101765213954
-152.101797808801
-152.101817053667
-152.101776263893
-152.101781385239
-152.101726255706
-152.101776740941
-152.101792273396
-152.101747748761
-152.101787920584
-152.101769147010
-152.101736801415
-152.101789042689
-152.101736801418
-152.101769147004
-152.101787920597
-152.101747748751
-152.101767246216
-152.101727075466
-152.101731985909
-152.101725031461
-152.101699699468
-152.101644490056
